5
1000
2416 177 3
2908 2601 4
1038 1603 1
1275 1488 3
1857 1565 2
1740 57 3
2093 289 1
1309 2661 3
2875 934 5
1146 500 5
1674 319 5
1626 633 5
581 1295 4
2420 227 4
984 1638 5
1040 2267 2
1680 2219 1
1340 2712 5
2626 2293 1
125 2369 5
443 1833 5
1427 712 5
2721 202 1
299 1082 1
2288 237 5
1554 1248 3
773 998 4
836 192 1
128 1399 2
2496 2128 2
1328 1354 3
2391 2254 3
2592 1779 4
1026 2236 2
1262 1760 5
2509 2619 3
506 1869 3
1049 2799 2
2448 2421 2
1575 2019 1
2929 1742 1
2534 2259 5
1312 1554 5
547 570 4
2658 237 4
2276 2191 5
1144 50 3
1295 1682 5
1067 1500 3
85 1446 2
1826 1238 4
1084 2358 2
2990 219 5
559 672 3
1147 2502 1
337 2593 3
387 1840 3
2420 2296 3
919 801 4
2716 1752 5
954 1630 5
663 1788 5
881 1479 1
1905 2833 5
1406 1733 5
999 290 2
190 1474 5
2486 1154 1
638 2127 5
2389 1167 1
1371 291 1
158 1592 4
1637 977 3
1821 703 4
554 1340 3
1195 2771 5
2669 1890 5
1174 1748 2
300 1024 4
1466 1219 1
2108 1130 4
700 2345 4
2028 1223 4
2731 981 2
1070 2995 2
1192 766 5
433 2536 5
2532 2199 5
556 1347 3
1774 1132 4
255 657 2
2600 1553 4
822 2606 5
2154 2999 3
2500 1860 5
617 1627 1
504 2588 4
2702 569 1
1048 2723 5
2531 2176 5
540 447 3
2444 1178 5
2049 2607 4
2399 416 2
1610 955 2
236 2915 3
175 418 4
743 1706 3
465 2525 1
2993 1251 4
439 1750 1
1968 2504 2
1575 2857 5
1990 1735 5
297 118 3
563 1000 3
981 2851 5
38 1853 5
2914 908 2
1164 1363 4
2913 1701 1
2417 2577 1
2625 2897 1
1712 2616 2
1829 2086 1
2829 2813 4
2679 1127 2
1883 2968 4
142 2200 3
1505 2600 1
557 2992 4
133 1174 3
381 1324 1
2997 400 1
2434 1818 4
2246 531 2
724 2807 5
692 767 5
243 1764 2
2842 2674 4
2833 2099 5
1358 1789 1
2682 894 5
81 2976 1
2250 769 4
2781 743 2
2939 192 4
706 24 2
2821 1385 5
2847 240 2
2297 951 5
1085 2218 4
2331 970 2
2306 102 3
427 2230 5
1169 1143 5
1712 2653 2
1735 1886 5
472 1811 2
1063 2329 5
2014 2689 1
1583 232 2
2552 2485 2
2653 1067 4
2234 434 1
728 1698 2
380 94 2
2618 1780 1
1428 1524 2
756 1088 3
796 498 1
1380 2556 1
864 2699 5
1931 2172 2
2716 1303 1
1413 1211 5
1858 2640 4
989 2780 4
2512 2006 1
599 2056 5
1448 168 2
1004 293 3
702 2704 2
226 1315 2
1528 283 2
2738 1484 2
2729 412 1
2508 72 5
1866 2349 4
921 53 5
1088 2217 1
1732 2176 5
1435 514 3
102 2715 2
384 1199 2
1867 2397 1
2278 2008 5
2702 1179 4
2050 987 3
2103 659 3
1671 1281 3
846 350 5
1359 775 1
1073 1901 1
2623 604 2
2020 1186 2
1379 1505 3
2557 1553 2
896 1461 3
1554 585 3
2834 278 2
535 1057 2
1309 920 4
561 1865 2
1516 263 1
2701 2044 4
1206 2691 3
110 319 3
1922 649 4
2507 2676 4
2784 1509 4
1192 2012 4
2111 360 4
1327 418 4
1941 1900 5
984 5 5
1026 129 1
1345 1631 3
2345 2690 2
2372 1995 4
880 2854 2
243 897 2
954 2827 3
1371 66 1
622 1217 4
627 531 5
755 2898 3
2738 470 1
2427 1152 2
1773 1107 1
1626 568 2
2875 164 3
53 1303 5
118 1905 3
1334 834 5
2217 1703 3
2114 907 4
2584 1137 1
1087 63 3
2545 1333 1
464 1974 3
979 846 1
2281 312 2
1186 379 4
2371 2520 4
1073 2283 4
1979 2671 5
116 1518 1
178 2750 1
1863 1112 2
1188 895 3
2034 7 1
2345 1993 4
76 1031 1
2595 891 3
2229 2085 5
2252 2494 2
769 2721 3
871 2531 3
1982 779 2
228 1571 1
234 2826 4
2578 2411 4
609 1629 5
1499 2383 5
935 2508 2
781 1056 5
501 1583 1
32 2577 2
810 1101 2
2381 1486 5
2558 411 3
2321 1369 3
1301 2024 1
1035 105 1
542 1133 1
1598 1390 1
532 897 1
109 1173 1
1209 2671 4
46 151 4
457 1210 1
2177 2854 5
1552 724 2
2009 2906 2
141 939 2
1530 2554 5
2427 2301 4
951 2548 1
622 179 1
1124 1267 4
2333 2439 1
2538 520 4
614 922 1
519 2975 2
1457 63 5
1362 1045 3
1014 623 2
562 1085 5
740 1655 3
2358 433 1
2148 2961 4
2667 2944 3
940 2104 5
915 168 3
1329 239 4
2373 451 2
348 2545 4
1432 1416 4
87 1238 5
871 2033 1
831 1303 5
775 2905 2
230 1397 1
749 501 5
988 124 1
1790 1556 2
1334 1701 4
2750 2859 1
1339 1931 5
724 1741 1
2026 1613 1
2283 279 4
679 2316 3
1179 1941 4
1655 183 3
562 2754 2
2262 1698 1
2472 1340 2
1402 2414 3
495 926 1
2107 2957 1
2737 170 4
2053 1509 1
1345 429 1
1527 98 1
1281 754 5
330 552 1
2021 1683 4
1787 2915 1
2712 2837 4
20 483 5
541 506 3
2401 163 5
2830 850 4
279 2715 5
1385 587 3
1936 1667 5
970 2361 4
884 2878 2
720 1796 3
1554 1561 1
2411 783 1
2925 94 3
774 1809 4
489 2220 5
1427 1158 3
93 1727 4
2805 2978 4
34 249 3
2182 2306 3
1094 1778 5
2228 918 3
2322 1303 4
1482 736 5
702 702 4
2211 946 4
937 2575 5
914 490 4
1162 2375 1
819 2142 4
2597 2981 5
866 2726 3
2168 1881 1
255 960 4
1308 1165 2
2254 1858 5
2180 1329 5
2669 893 2
2043 613 2
1537 366 1
1869 2653 4
1594 32 2
826 2287 5
1786 1567 2
2950 2681 4
2160 1495 1
488 2520 1
1732 1833 5
2344 2059 1
62 799 5
66 710 3
97 568 2
2736 1292 2
1302 1536 3
982 2034 5
2829 1191 1
2700 2954 5
1532 895 5
942 1505 1
2093 1510 5
2802 754 3
369 1515 3
2013 1574 4
548 2106 1
2933 2127 5
1475 2097 3
1428 1579 1
2323 1548 5
1179 248 1
40 1644 5
794 453 2
2308 1975 5
881 946 5
338 3 2
2816 362 1
1913 2055 3
843 575 3
2390 1795 2
2989 1897 4
1633 2941 3
2085 429 4
1412 718 2
2709 2080 2
2711 2453 4
73 374 2
2479 1226 4
53 905 1
2199 2012 5
1448 2440 4
1388 1399 3
2169 398 2
238 541 3
2317 2992 1
1770 676 1
2495 2049 4
720 237 1
1625 690 1
636 1984 3
427 2668 4
2178 692 1
2927 700 5
467 144 3
811 1000 1
1486 1915 4
534 2893 5
1122 1295 4
1811 2175 1
795 460 5
814 943 2
1857 2873 5
2908 542 4
51 732 2
1050 1159 1
317 902 1
561 119 1
2208 1477 1
1734 907 2
2193 2313 5
487 1706 1
711 1878 4
1605 1578 2
2336 1205 4
846 1650 4
1747 2905 1
2217 2997 4
694 974 4
1952 2720 1
1617 629 2
674 2684 1
2551 2904 3
1129 2332 5
2685 1667 1
1334 1053 1
1590 1488 3
1586 2591 2
2559 1606 3
2630 2829 3
611 2785 2
646 2285 3
902 2624 3
233 1026 4
1900 1031 4
2952 724 3
1791 1261 3
1733 897 2
690 2750 4
518 2647 4
654 2200 5
291 17 5
266 2212 3
1291 605 4
2322 830 1
45 739 2
1657 2333 5
2554 2516 5
2655 1636 2
2653 666 2
1853 2325 1
2221 1947 2
1432 2214 2
2388 382 4
569 2134 5
1307 138 3
991 1092 4
506 837 5
2141 2665 3
2806 2183 4
2483 2571 2
1429 612 4
642 2295 4
1375 1243 3
508 1482 5
645 1746 4
2089 2054 2
2925 1019 3
2941 2888 5
2476 1412 1
2046 2588 3
2657 2968 5
2303 2568 5
545 600 3
2379 1020 2
1124 2360 2
178 2006 3
1548 2995 1
1435 1490 2
2846 2477 5
2785 269 5
2752 896 5
2320 302 3
2919 350 5
1290 2123 1
649 1404 1
7 2034 5
1 1399 4
1490 1393 3
966 1327 2
1587 1088 5
2834 2542 4
487 1356 1
836 2472 2
2959 1484 5
1714 2875 2
747 2741 2
2498 136 3
1242 2078 1
2568 2454 2
1007 380 5
548 739 3
2255 1201 3
2078 982 4
561 1033 5
435 2374 5
527 2068 5
662 1767 2
2739 1467 1
2545 9 2
2924 2868 1
1014 1665 2
2214 999 1
195 467 5
1228 1123 4
953 1737 4
20 1769 1
1787 2195 2
605 2822 4
613 1338 4
832 2773 5
2848 2214 1
846 2554 4
1665 2500 3
2787 1523 4
1876 1458 3
644 1828 1
190 77 2
11 1987 5
1348 987 5
1472 2532 4
685 1352 3
590 1185 2
441 584 5
2315 530 4
772 1702 5
2952 1179 5
380 1028 5
2366 2662 4
352 2253 4
235 2809 1
1586 1548 4
123 134 5
1058 270 4
1587 1718 1
641 2953 5
1819 414 4
198 1519 2
212 2812 1
2464 1468 1
2624 1470 4
1171 2944 4
1657 2453 1
1926 2904 3
644 1146 3
948 1703 1
1713 31 1
583 2014 2
747 1024 4
2214 2751 5
1035 2181 1
978 1494 4
783 2745 2
686 1469 5
1831 1603 5
533 324 5
915 2684 4
2928 1567 4
1303 296 1
1053 2587 4
234 1342 4
2079 73 4
2175 2974 1
996 2235 5
2598 421 5
273 2603 3
309 2731 2
1875 2276 2
2522 2404 1
2109 277 1
450 1068 5
522 2541 3
847 2343 4
81 2928 5
502 1197 5
104 2001 5
186 338 2
2814 2941 5
2217 2471 2
2845 656 3
912 246 1
804 420 3
147 25 4
74 1805 3
1622 1579 5
975 1655 1
1312 1652 1
1252 2308 4
1074 2191 4
2082 1244 2
2679 2756 1
450 2070 5
475 1554 3
2631 2588 1
1561 702 4
216 2670 3
2219 2092 2
1878 2052 5
1069 1825 3
2664 1166 1
2771 704 4
1841 1153 4
746 2757 4
333 1508 5
1034 683 5
1055 1832 2
147 955 2
2198 1389 2
1023 426 5
2540 889 5
243 432 3
1747 6 5
1856 381 5
715 1230 5
1749 2061 4
581 1804 5
1535 1763 4
276 939 2
701 2345 5
1589 1819 4
2373 1308 5
2730 568 3
110 2019 1
1691 1216 3
751 744 2
2906 1658 1
1668 979 1
2607 445 2
1951 2461 2
1122 2499 5
2429 2429 5
348 2953 2
2367 2575 1
582 1053 2
1677 244 2
687 1184 4
1665 56 5
2461 815 2
1922 1848 5
1772 582 1
1200 1257 4
1504 1655 2
1079 1783 2
2131 2019 3
2726 946 1
910 1326 2
1317 1260 5
2483 214 1
1331 1773 2
2264 2635 3
520 1618 4
2175 30 1
1309 2141 4
327 970 4
1624 380 4
2950 1818 5
1561 943 1
1774 2083 4
547 36 4
181 2910 4
1799 1204 2
2180 1401 4
1672 101 5
2993 2880 3
372 2140 4
2541 1126 5
835 1373 4
270 289 4
305 1687 5
215 1767 1
1770 1110 3
522 973 3
622 714 4
853 1411 5
345 2787 2
1470 138 5
195 86 3
483 1946 2
2521 2580 1
1287 1112 3
2396 177 2
721 1039 3
1434 1433 4
197 849 2
335 2906 5
472 37 4
909 2709 5
2854 568 4
2786 1695 3
897 127 3
1425 2125 1
2464 244 4
1248 1532 4
2096 794 4
2353 1260 5
2742 1718 1
2450 997 2
369 823 5
2064 1130 1
2542 1310 1
1667 2775 4
1910 988 4
794 273 4
1939 992 1
198 2258 3
1915 859 3
263 282 4
1085 614 5
2567 799 4
876 1121 2
1002 2691 3
2342 2334 1
2614 2144 3
957 201 1
215 354 4
1425 211 1
1706 2809 2
2319 2208 4
469 1976 1
1941 1159 2
1632 2884 4
1317 274 2
813 2926 3
1013 723 4
1366 458 5
1928 390 1
1736 2236 5
1296 1697 3
623 2594 3
2134 57 2
2017 1747 4
2290 1438 2
2568 471 4
642 2821 1
1100 2775 3
1841 296 1
1429 2592 3
125 594 1
70 1267 3
126 2760 5
1872 193 3
309 2610 1
1131 695 3
1303 2240 5
1430 2149 3
1725 776 4
1668 979 5
2262 621 3
528 1558 4
639 469 3
831 1162 5
792 1574 3
1486 1276 3
1077 897 1
578 1160 3
1353 2873 2
2683 779 3
303 2761 1
1860 2571 4
2329 2450 3
842 2454 1
2415 2033 3
691 1921 5
1587 291 5
98 2963 4
2971 1417 1
1101 1594 3
862 439 1
784 2249 5
234 1586 2
39 1561 2
2072 2719 3
992 2020 4
1634 2806 1
1948 1669 5
364 1109 4
1958 2254 1
2748 81 2
1997 1210 3
934 1903 3
2847 1924 1
2917 138 5
1936 1119 3
1741 2789 1
410 750 4
1870 1809 1
1123 189 5
1555 2670 4
117 364 1
2019 1842 4
1295 904 3
1432 5 4
2550 1177 5
2691 692 2
792 1840 2
2952 2288 3
141 2747 5
162 2867 4
878 2382 4
71 1598 5
974 1747 5
979 1742 4
2155 1653 3
199 499 2
2038 1437 4
1677 137 1
1423 706 2
1289 2749 4
1023 347 3
2972 1413 5
1718 1850 2
811 228 2
2463 742 2
313 454 4
1749 559 2
1885 1104 1
2590 1953 3
2691 293 2
37 1795 1
1802 1526 5
651 1327 3
1230 2806 5
1972 2262 5
2777 1225 4
687 386 1
2143 1937 4
1095 2164 1
1387 1165 2
182 1807 2
2059 823 1
738 2810 2
543 866 4
2804 2732 5
1029 1060 3
1414 2700 1
702 441 3
217 66 5
1734 2632 4
540 2241 2
1715 1886 5
1876 332 4
2742 132 1
2473 1161 3
533 1514 1
584 1994 4
1024 513 5
1089 822 1
1073 2577 5
313 2719 3
2198 745 4
2881 478 3
12 948 4
1524 2312 2
389 480 1
2735 2323 5
247 284 4
1069 1947 2
997 826 3
1067 1438 2
1812 2941 1
2289 511 5
589 2956 5
2900 2494 3
379 1504 1
54 1399 5
689 1877 1
2635 730 2
812 1024 2
2601 2390 4
2542 1772 2
404 351 3
359 1810 2
2852 984 2
1707 1682 3
105 2768 2
1981 588 2
63 1654 2
1086 1493 4
828 2328 5
2599 1229 1
2950 1942 4
2111 2295 4
95 236 2
1776 1428 5
1895 351 1
2482 2679 3
1487 2696 5
2979 2699 2
2306 865 3
535 1632 2
2828 2292 5
2122 355 4
2357 2128 2
784 1104 1
1487 1787 3
1165 2574 2
860 2693 5
910 227 1
2127 1846 5
1110 1292 2
402 336 3
1108 2682 5
236 1138 3
1339 40 4
125 1069 5
50 992 1
95 396 5
321 1286 2
2166 2507 3
457 386 1
1144 1798 1
1177 390 4
2666 1102 1
57 1523 1
1477 2727 2
2468 2417 3
215 623 3
1853 41 4
1359 721 4
2096 526 1
1246 1793 4
1635 813 2
88 589 1
1610 951 3
1336 2652 5
1104 2182 1
2079 1761 1
2119 1434 5
191 1779 2
1069 1289 3
2861 1607 3
1026 420 3
3000
