-345 -130 -393
691 -260 862
336 -154 491
200 -567 -900
14 -345 166
-838 -951 273
-195 -253 -789
733 -820 -969
-989 915 732
-674 295 -169
196 459 -581
936 320 74
-662 -633 -679
-671 -976 657
-459 191 -587
-410 -980 428
337 790 147
75 821 953
-454 110 242
398 941 254
-144 917 580
734 -452 -668
-900 -131 825
683 -917 -838
-127 -504 -509
-550 481 32
-761 -815 622
618 -863 -484
-273 -64 148
-776 -811 694
-860 326 91
-312 658 947
115 482 237
198 202 -105
251 693 -423
-711 -718 450
-526 461 457
-832 534 697
104 -319 -129
-149 932 598
734 22 379
392 -474 76
-570 763 765
189 -343 -564
-561 -209 191
-279 798 -559
-819 255 -713
273 -492 -239
954 379 -514
886 -467 591
-536 912 999
-453 -456 732
868 866 -320
-476 -699 -332
316 492 857
113 491 -705
925 778 -427
-568 -461 -688
811 -418 585
901 -828 95
369 728 -463
914 460 2
779 -861 106
-920 -636 -27
572 -779 55
-381 -484 928
-603 90 -403
-507 402 -478
75 -457 -46
-195 638 -678
-468 -825 -778
549 -266 592
689 840 505
-948 -630 -160
831 425 -80
905 352 -951
-449 949 -332
510 -973 -378
-948 -461 -328
690 -139 748
422 -360 -891
713 789 -359
110 -150 -810
480 691 436
-96 -390 45
813 -784 -567
318 -558 -663
346 64 -112
442 737 -603
-698 41 -551
-501 150 696
-712 348 -325
138 95 -613
-172 -913 497
-4 -310 -467
-231 123 -6
211 460 -194
833 905 682
126 -699 27
724 -693 -532
100941
