PULSE IS 214.559

2:1330 414 		dbl					// if one number is clearly higher, numerator multiple of 2 - try again, doubled
2:915 415 		correct
2:464 451 		half	- no recognizable pattern

3:628 544 572 							// if one number is clearly higher, numerator multiple of 3

4:915 0 415 414 
4:464 0 451 415							// THIS IS WHAT WE ARE LOOKING FOR!!!!!!!!!!!!!!!!!!!!!!!!!!!!!!!
4:273 218 191 233 

5:341 329 292 425 357						// if							  5 

6:489 140 437 139 404 135 

7:292 277 203 207 283 210 272 					// if							  7

8:464 0 0   414 451 0 415 0 
8:273 0 218 201 191 0 233 214 
8:146 144 126 155 127 74 65 78 

9:205 216 207 293 199 154 130 129 211 

10:271 65 227 144 287 70 264 65 281 70 

11:275 81 203 222 140 192 143 59 207 74 148 

12:354 0 144 139 268 0 135 140 293 0 136 135 

13:68 200 78 133 212 74 213 142 67 206 72 130 149 

14:222 70 203 74 218 70 207 70 207 0 133 65 140 65 

15:138 127 78 142 142 144 137 68 135 65 59 65 146 148 150 

16:273 0 0   214 218 0 201 0   191 0 0  200 233 0 214 0 
16:146 0 144 133 126 0 155 144 127 0 74 68  65  0 78  70 
16:68 72 67 81 59 74 65 78 78 72 59 74 68 0 0 0 

17:68 70 142 148 140 68 124 65 67 70 139 143 149 70 144 78 59 

18:140 70 142 74 199 0 130 70 141 65 146 65 219 0 154 0 59 70 

19:206 74 59 142 72 135 139 0 200 78 68 135 81 78 76 0 129 72 0 

///////////////////////////////////////////////////////////////////////////////////////////////////////////////////////////////////

2:	1330 								414 

4:	915 				0				415				414 

8:	464 		0 		0 		414 		451	 	0	 	415	 	0 

16:	273 	0 	0 	214 	218	0	201	 0	191	 0	0	200	233	0	214	 0 

									^ this number should be close to 273, no?
