13/79!
1 0 1 0 2 0 0 0 1 0 0 1 0 0 0 0 0 0 0 0 1 0 0 0 0 0 0 0 0 0 0 0 0 0 0 0 0 0 0 0 0 0 0 0 0 2 0 1 2 3 2 0 1 1 0 0 0 0 0 0 0 0 0 0 0 0 0 0 0 0 0 0 0 0 0 0 0 0 0 
-0.175197 -1.82424
0.8892660.562369!25
!25
!19
!25
!7
!7
25 IS 214.559
25 IS 429.117
19 IS 107.279
25 IS 214.559
7 IS 71.5197
7 IS 143.039
PULSE IS 214.559

2:464 451 

3:354 268 293 

4:273 218 191 233 

5:201 211 213 159 131 

6:201 150 145 153 118 148 

7:146 150 139 140 133 142 65 

8:146 144 126 155 127 74 65 78 

9:140 131 141 149 59 74 65 78 78 

10:127 146 135 81 59 74 65 78 78 72 

11:142 140 67 81 59 74 65 78 78 72 59 

12:136 72 67 81 59 74 65 78 78 72 59 74 

13:68 72 67 81 59 74 65 78 78 72 59 74 68 

14:68 72 67 81 59 74 65 78 78 72 59 74 68 0 

15:68 72 67 81 59 74 65 78 78 72 59 74 68 0 0 

16:68 72 67 81 59 74 65 78 78 72 59 74 68 0 0 0 

17:68 72 67 81 59 74 65 78 78 72 59 74 68 0 0 0 0 

18:68 72 67 81 59 74 65 78 78 72 59 74 68 0 0 0 0 0 

19:68 72 67 81 59 74 65 78 78 72 59 74 68 0 0 0 0 0 0 
