5.02026 106
5.5073 55
5.9853 49
6.24631 53
6.53832 45
7.06933 48
7.58136 50
7.82937 50
8.07437 100
8.58639 44
9.06942 45
9.29942 50
9.57141 58
10.0754 50
10.5275 54
10.7605 56
11.0015 96
11.5045 52
11.9455 50
12.1755 54
12.4265 55
12.8936 53
13.3486 50
13.5786 56
13.8156 100
14.2786 52
14.7256 51
14.9506 54
15.2226 58
15.6767 51
16.0857 59
16.3057 62
16.5417 108
17.0417 51
17.5127 55
17.7787 51
18.0728 46
18.5508 50
19.0438 49
19.2638 52
19.5178 95
20.0608 47
20.5598 43
20.7959 50
21.0679 50
21.5639 45
22.0079 47
22.2479 50
22.4909 95
23.0199 49
23.51 50
23.748 58
23.987 54
24.444 54
24.877 51
25.09 56
25.337 97
25.817 44
26.2651 40
26.4661 45
26.7381 45
27.1971 46
27.6151 47
27.8421 53
28.0471 85
28.5082 41
28.9612 45
29.1622 51
29.4232 45
29.8792 46
30.3022 46
30.5032 50
30.7482 91
31.2483 52
31.6873 48
31.9133 50
32.1803 50
32.6703 49
33.1223 48
33.3573 50
33.5623 86
34.1004 50
34.5744 45
34.8084 53
35.0944 43
35.5754 45
36.0374 49
36.2564 50
36.5075 75
36.9825 45
37.4165 52
37.6385 52
