7.79705 0.46303
8.26008 0.412
8.67208 0.41402
9.0861 0.43202
9.51812 0.38201
9.90013 0.40507
10.3052 0.391
10.6962 0.447
11.1432 0.424
11.5672 0.4
11.9672 0.427
12.3942 0.37
12.7642 0.4051
13.1693 0.401
13.5703 0.399
13.9693 0.416
14.3853 0.118
14.5033 0.359
14.8623 0.372
15.2343 0.406
15.6403 0.3841
16.0244 0.4
16.4244 0.397
16.8214 0.368
17.1894 0.412
17.6014 0.364
17.9654 0.394
18.3594 0.3721
18.7315 0.419
19.1505 0.388
19.5385 0.383
19.9215 0.438
20.3595 0.41
20.7695 0.3741
21.1436 0.363
21.5066 0.375
21.8816 0.415
22.2966 0.395
22.6916 0.421
23.1126 0.4141
23.5267 0.411
23.9377 0.385
24.3227 0.358
24.6807 0.358
25.0387 0.378
25.4167 0.361
25.7777 0.377
26.1547 0.3761
26.5308 0.382
26.9128 0.366
27.2788 0.396
27.6748 0.367
28.0418 0.364
28.4058 0.3551
28.7609 0.357
29.1179 0.348
29.4659 0.407
29.8729 0.402
30.2749 0.375
30.6499 0.375
31.0249 0.3581
31.383 0.358
31.741 0.342
32.083 0.359
32.442 0.38
32.822 0.0671
32.8891 0.3529
33.242 0.371
33.613 0.3581
33.9711 0.377
34.3481 0.39
34.7381 0.388
35.1261 0.337
35.4631 0.402
35.8651 0.351
36.2161 0.352
36.5681 0.3481
36.9162 0.365
37.2812 0.331
37.6122 0.356
37.9682 0.324
38.2922 0.362
38.6542 0.3501
39.0043 0.37
39.3743 0.345
39.7193 0.341
40.0603 0.344
40.4043 0.365
40.7693 0.329
