1.42684 1
1.50083 2
1.85686 2
2.24586 2
2.64285 2
3.03285 2
3.40787 2
3.78089 2
4.16189 2
4.57091 2
4.95592 2
5.32294 2
5.71696 2
6.12099 2
6.509 2
6.874 2
7.24301 2
7.63903 2
7.72503 2
8.06905 2
8.43306 2
8.83107 2
9.23109 2
9.62911 2
10.0081 2
10.3841 2
10.7721 2
11.1332 2
11.5402 2
11.8972 2
12.2942 2
12.6742 2
13.0862 2
13.4463 2
13.8453 2
14.2253 2
14.5753 2
14.9413 2
15.3323 2
15.7253 2
16.0704 2
16.4654 2
16.8704 2
17.2404 2
17.6314 2
18.0034 2
18.3404 2
18.7274 2
19.0945 2
19.4675 2
19.8705 2
20.2155 2
20.5895 2
20.9435 2
21.3105 2
21.6636 2
22.0326 2
22.3896 2
22.7826 2
23.1516 2
23.5266 2
23.8886 2
24.2477 2
24.6037 2
24.9627 2
25.3087 2
25.7077 1
25.7767 2
26.1467 2
26.4997 2
26.8798 2
27.2668 2
27.6828 2
28.0618 2
28.4268 2
28.8278 2
29.1969 2
29.5679 2
29.9199 2
30.2839 2
30.6469 2
31.0149 2
31.3479 2
31.732 2
32.132 2
32.488 2
32.882 2
33.227 2
33.586 2
33.946 2
34.298 2
34.6881 2
35.0471 2
35.4111 2
35.7581 2
36.1121 2
36.4691 2
36.8261 2
37.1651 2
37.5392 2
37.8872 2
38.2552 2
38.5922 2
38.9452 2
39.2892 2
39.6252 2
39.9713 2
40.3023 2
40.6603 2
40.9883 2
41.3413 2
41.6773 2
41.9983 2
42.3403 2
42.6694 2
43.0114 2
43.3574 2
43.6824 2
44.0404 2
44.3784 2
44.7344 2
45.0705 2
45.4025 2
45.7485 2
46.1025 2
46.4335 2
46.7685 2
47.1215 2
47.4655 2
47.8256 2
48.1946 2
48.5676 2
48.9366 2
49.3096 2
49.6616 2
