1.42684 0.07399
1.50083 0.35603
1.85686 0.389
2.24586 0.39699
2.64285 0.39
3.03285 0.37502
3.40787 0.37302
3.78089 0.381
4.16189 0.40902
4.57091 0.38501
4.95592 0.36702
5.32294 0.39402
5.71696 0.40403
6.12099 0.38801
6.509 0.365
6.874 0.36901
7.24301 0.39602
7.63903 0.086
7.72503 0.34402
8.06905 0.36401
8.43306 0.39801
8.83107 0.40002
9.23109 0.39802
9.62911 0.37899
10.0081 0.376
10.3841 0.388
10.7721 0.3611
11.1332 0.407
11.5402 0.357
11.8972 0.397
12.2942 0.38
12.6742 0.412
13.0862 0.3601
13.4463 0.399
13.8453 0.38
14.2253 0.35
14.5753 0.366
14.9413 0.391
15.3323 0.393
15.7253 0.3451
16.0704 0.395
16.4654 0.405
16.8704 0.37
17.2404 0.391
17.6314 0.372
18.0034 0.337
18.3404 0.387
18.7274 0.3671
19.0945 0.373
19.4675 0.403
19.8705 0.345
20.2155 0.374
20.5895 0.354
20.9435 0.367
21.3105 0.3531
21.6636 0.369
22.0326 0.357
22.3896 0.393
22.7826 0.369
23.1516 0.375
23.5266 0.362
23.8886 0.3591
24.2477 0.356
24.6037 0.359
24.9627 0.346
25.3087 0.399
25.7077 0.069
25.7767 0.37
26.1467 0.353
26.4997 0.3801
26.8798 0.387
27.2668 0.416
27.6828 0.379
28.0618 0.365
28.4268 0.401
28.8278 0.3691
29.1969 0.371
29.5679 0.352
29.9199 0.364
30.2839 0.363
30.6469 0.368
31.0149 0.333
31.3479 0.3841
31.732 0.4
32.132 0.356
32.488 0.394
32.882 0.345
33.227 0.359
33.586 0.36
33.946 0.352
34.298 0.3901
34.6881 0.359
35.0471 0.364
35.4111 0.347
35.7581 0.354
36.1121 0.357
36.4691 0.357
36.8261 0.339
37.1651 0.3741
37.5392 0.348
37.8872 0.368
38.2552 0.337
38.5922 0.353
38.9452 0.344
39.2892 0.336
39.6252 0.3461
39.9713 0.331
40.3023 0.358
40.6603 0.328
40.9883 0.353
41.3413 0.336
41.6773 0.321
41.9983 0.342
42.3403 0.3291
42.6694 0.342
43.0114 0.346
43.3574 0.325
43.6824 0.358
44.0404 0.338
44.3784 0.356
44.7344 0.3361
45.0705 0.332
45.4025 0.346
45.7485 0.354
46.1025 0.331
46.4335 0.335
46.7685 0.353
47.1215 0.344
47.4655 0.3601
47.8256 0.369
48.1946 0.373
48.5676 0.369
48.9366 0.373
49.3096 0.352
49.6616 0.384
