1.87029 111
2.63332 58
3.00333 72
3.35834 99
4.12238 59
4.46239 67
4.8294 93
5.53543 62
5.88944 78
6.23846 115
6.94547 56
7.29249 67
7.6255 115
8.36353 65
8.67455 67
9.00756 110
9.70359 62
10.0296 85
10.3636 135
11.0566 58
11.3966 68
11.7357 107
12.3717 59
12.7187 62
13.0217 96
13.6827 52
13.9938 67
14.3308 98
14.9498 56
15.2548 62
15.5638 98
16.2308 58
16.5638 62
16.8769 91
17.4979 55
17.8539 65
18.1399 103
18.7919 52
19.115 67
19.4209 117
19.975 58
20.281 72
20.583 108
21.186 51
21.491 64
21.776 94
22.3281 52
22.6411 59
22.9371 108
23.5461 65
23.8471 68
24.1601 113
24.7762 56
25.0822 59
25.3912 94
25.6972 44
25.9972 55
26.2852 46
26.5652 99
27.2013 59
27.4933 65
27.8223 88
28.1353 45
28.4423 55
28.7163 46
28.9973 90
29.5954 47
29.8853 51
30.1734 84
30.4654 46
30.7574 56
31.0434 51
31.3714 103
33.6905 117
