100
-493 899 288 946 10
831 382 408 6575 19
-880 555 330 1005 35
277 252 891 1388 72
-245 -563 522 1571 51
-6 426 585 9651 24
996 -799 -893 6940 37
644 -329 -203 1557 2
-601 -271 899 1182 27
634 -438 -259 6188 24
729 837 -107 8744 82
-309 358 877 3037 50
-915 828 254 1671 55
-331 394 -104 6091 75
240 865 -270 1344 79
-338 -671 713 5772 69
-833 -311 -197 4387 73
254 308 -589 4717 79
20 -228 -918 8203 55
-693 -501 916 738 31
917 -1000 386 4825 24
-464 -134 25 462 59
-565 973 630 9931 13
-317 -951 455 9403 6
-848 671 66 2001 66
588 -459 -1000 3769 96
523 -24 -140 9552 8
113 444 604 2516 13
-456 -870 222 221 26
812 -586 -469 7236 1
268 -25 -708 6432 2
351 478 308 7301 97
724 -569 -373 5609 54
808 697 -660 9458 30
589 512 522 6865 55
-997 -379 657 2111 35
-722 360 -581 1687 15
186 479 -716 795 83
-622 774 -182 6427 24
-843 -631 611 5237 23
-441 643 964 6659 46
206 641 -369 1669 88
-925 -302 92 6883 7
899 238 -695 9149 87
-308 675 61 7154 72
-25 -218 -394 5650 22
58 -299 -522 8799 74
-512 784 980 7453 31
712 -248 -541 5966 12
285 -741 599 942 37
-114 397 674 8336 5
911 -521 -197 3125 85
639 -311 -120 2407 64
219 -838 50 5209 62
254 -977 591 5678 2
-605 -889 -799 546 21
758 -563 -788 2657 48
-767 -101 978 7460 7
-844 -769 219 5685 65
-515 813 -934 3306 74
348 -655 705 4803 43
647 -109 727 8800 38
-458 162 -565 4514 70
934 -899 48 2924 71
135 625 -75 4325 92
-171 -162 -970 5168 40
712 801 -725 4904 98
448 63 -256 1740 35
-257 273 629 7164 34
778 -331 685 368 12
-622 518 762 7655 44
981 689 -734 3211 69
-762 477 -127 9793 11
340 726 480 3578 90
63 -698 -314 4823 30
-177 -761 761 8576 70
189 680 -213 4890 35
372 -234 -917 9085 34
894 552 386 3223 20
150 663 374 593 73
835 249 -953 3955 71
847 -99 349 534 12
-553 -648 -721 8086 12
83 -395 688 8906 32
597 -383 -415 3078 17
-324 689 -397 7475 8
-652 442 123 3674 34
-768 799 977 5724 40
-867 -973 315 7564 77
-764 53 424 8556 1
-544 77 -607 3539 12
334 275 304 8764 75
178 -715 -677 8585 66
399 -911 -965 5362 82
-2 66 254 2233 49
-928 -894 -912 6312 18
865 509 -336 7075 24
838 149 382 3892 17
-737 877 -72 3001 60
-278 99 824 1384 78
100
-345 -130 -393
691 -260 862
336 -154 491
200 -567 -900
14 -345 166
-838 -951 273
-195 -253 -789
733 -820 -969
-989 915 732
-674 295 -169
196 459 -581
936 320 74
-662 -633 -679
-671 -976 657
-459 191 -587
-410 -980 428
337 790 147
75 821 953
-454 110 242
398 941 254
-144 917 580
734 -452 -668
-900 -131 825
683 -917 -838
-127 -504 -509
-550 481 32
-761 -815 622
618 -863 -484
-273 -64 148
-776 -811 694
-860 326 91
-312 658 947
115 482 237
198 202 -105
251 693 -423
-711 -718 450
-526 461 457
-832 534 697
104 -319 -129
-149 932 598
734 22 379
392 -474 76
-570 763 765
189 -343 -564
-561 -209 191
-279 798 -559
-819 255 -713
273 -492 -239
954 379 -514
886 -467 591
-536 912 999
-453 -456 732
868 866 -320
-476 -699 -332
316 492 857
113 491 -705
925 778 -427
-568 -461 -688
811 -418 585
901 -828 95
369 728 -463
914 460 2
779 -861 106
-920 -636 -27
572 -779 55
-381 -484 928
-603 90 -403
-507 402 -478
75 -457 -46
-195 638 -678
-468 -825 -778
549 -266 592
689 840 505
-948 -630 -160
831 425 -80
905 352 -951
-449 949 -332
510 -973 -378
-948 -461 -328
690 -139 748
422 -360 -891
713 789 -359
110 -150 -810
480 691 436
-96 -390 45
813 -784 -567
318 -558 -663
346 64 -112
442 737 -603
-698 41 -551
-501 150 696
-712 348 -325
138 95 -613
-172 -913 497
-4 -310 -467
-231 123 -6
211 460 -194
833 905 682
126 -699 27
724 -693 -532
50
