50
4386890 4386890 
3237517 3237517 

599 599 
4722375 4722375 
136 136 
811 811 
36 36 
###70+50=120	4514
806 806 


716 716 
165 165 

407 407 



229 229 


286 286 
168 168 
144 144 
206 206 
602 602 
948 948 


3281030 3281030 
1061 1061 

131 131 
1835 1835 
244 244 
1123 1123 

1313 1313 


2926604 2926604 


7147111 7147111 
136 136 
1126 1126 
91 91 
###71+50=121	2924
1159 1159 

502 502 

717 717 
1770 1770 
280 280 

802 802 

3831308 3831308 
160 160 


833 833 
5546198 5546198 
5546498 5546498 

303 303 
256 256 
83 83 
###74+50=124	8799

348 348 
1387 1387 
16237
