332484
989849
89779
37375
338987
107324
542223
283533
436857
371360
421780
285473
832150
802460
6585
400683
234798
456980
214961
450178
498243
401046
995515
835844
998590
497479
829320
988941
845156
460919
123536
389814
220085
480269
770428
538126
298409
810499
113487
208775
787909
824766
375596
955500
54757
566137
191922
559491
6272
337335
218625
726194
459625
744984
726194
942997
459625
955696
883047
955500
6585
901178
609876
563952
343520
37375
181548
478524
298409
999015
772744
291044
565975
336245
470768
681280
191922
760106
883067
636139
719439
609013
54098
428856
222954
520322
651322
9716
218625
548635
125998
261005
921697
917189
994214
680332
758814
137220
378239
30739
467612
447689
574740
998641
727539
782592
74043
636139
648342
948924
278299
922960
512379
214154
185399
226047
403943
803633
676392
714365
476447
74327
89145
741805
666967
235944
713250
782592
568765
38295
480700
589067
830968
874128
466620
42437
491062
364949
906736
285473
93011
867164
850394
258111
549315
456980
772800
542258
345356
364949
522453
964818
456752
17820
678870
799695
635604
459625
717199
773042
881557
272187
452304
892439
237323
652356
834415
525288
632724
447223
851812
613037
610159
250323
482631
556323
281961
805956
256116
477963
537979
308158
136306
726194
832259
440151
497407
16678
65675
667274
394405
732372
476251
611431
931067
131151
337085
871756
878862
265540
378239
827591
178713
648334
519333
753047
957089
57533
433695
230023
386393
499966
728387
871595
291466
651949
861052
356196
301611
69015
991810
333692
727477
831128
148603
960881
305810
294902
417469
742574
670658
238610
609557
662443
348503
712102
689184
457320
731257
236809
638401
39139
576759
797449
49779
542594
667282
173321
601877
948277
293987
740946
778254
116578
403943
2789
785015
819955
358445
333571
727539
312759
607842
38295
528549
191922
964374
312249
1965
159283
500092
453853
660312
740946
640609
651322
714288
403943
149512
571328
732876
251006
567304
65597
178456
436559
629395
727986
181373
733616
250168
12551
747845
904719
118629
143187
761372
61305
808547
974945
493362
145585
243392
928262
649962
78717
100043
147003
453853
550411
312249
367482
758814
761421
554087
824766
804497
133002
971048
53881
383641
252148
514531
237323
567067
905224
58091
948916
797449
321720
939213
86881
564332
967884
870173
669212
123681
528960
901317
297921
731348
475214
503418
726093
166547
166440
430524
890336
80482
294606
491825
601877
917112
546708
249420
618685
454361
436408
967489
951817
494507
920909
396483
185215
202225
583134
924104
894447
295608
96300
410003
693517
708738
987277
643279
748293
384132
403943
702694
403943
803799
470901
154044
142758
336245
723926
590064
435764
74327
33199
50197
762889
832035
143351
916150
48119
612903
292312
874128
513958
501080
550981
808147
264168
307003
196351
742574
300959
522106
626904
805626
44520
457446
858360
417700
579938
948916
356581
25489
181851
707374
936804
972167
124187
424190
809520
227106
116622
406040
506195
974425
110829
457320
762506
372417
596514
384805
984714
80216
941537
597055
59971
823849
662443
773040
479964
82635
99392
909556
155685
535283
823849
818304
892247
926235
588392
297609
239565
779260
929857
235457
862271
164503
404273
6585
622707
851473
404717
258687
237323
143351
360956
298429
660135
127016
662173
703926
740946
710490
744155
61198
399016
523108
253504
642901
829465
61291
942530
58949
366187
169565
609074
771373
535750
471308
501858
126410
947433
984024
213679
21998
850091
846969
555262
989756
186871
651264
984267
93011
753387
216166
32351
825160
520358
666967
517199
113526
243227
948708
385126
619659
901317
398292
59971
156251
291044
828734
5210
771373
762506
930975
764781
801522
953810
522106
776204
612916
130004
292055
317500
489495
819955
993985
422148
36853
91109
884438
529304
819533
106652
57533
868941
679145
993089
149699
930613
83312
454361
785962
928262
9277
523696
617081
429493
85275
633715
209129
200371
212252
510900
7919
814116
304039
797377
492753
837702
265232
451892
811350
636373
610930
877545
185057
989756
749199
621
618984
54654
781077
545505
763270
649837
561489
577101
432711
354096
399580
763967
353864
419230
116228
123681
202842
625034
535978
518196
883316
122084
762489
37250
232507
34916
518758
265232
728516
799473
782021
264261
678835
275173
726044
76670
286973
824766
944224
942986
76143
215913
253352
297754
430303
605121
334968
854519
576292
275891
908225
548635
175983
785015
595679
370055
434163
168913
243603
338642
752355
814116
690524
14668
979817
297315
797248
475408
751356
353145
186243
731879
246146
208775
162308
107426
304007
839586
232412
659791
32591
766844
65971
577135
944407
874128
916875
506692
152601
58086
70056
514334
232412
552266
511252
102158
210712
660099
303949
420181
962334
113200
242130
680229
724550
212994
147643
282828
428590
374076
873747
331057
17748
808462
926427
227187
611103
268439
761994
497141
754918
239565
44462
404213
832150
914709
365389
609155
248042
685805
884908
232026
541895
76394
795542
261052
726644
135924
914851
369962
957558
983915
130288
912246
601600
733595
422250
942796
827710
698556
497407
217400
356196
658957
834036
279285
468415
567694
787137
716260
583986
544402
915847
267828
345142
168379
499634
604959
804358
414760
114123
368334
173279
51645
986892
654555
892858
999698
188536
407762
221394
514023
904125
660700
828491
780853
70494
513958
595314
937523
498994
395205
6585
290141
222659
387100
120601
689435
834908
303370
483481
621633
428590
372484
725502
727477
116237
835276
235767
904719
397441
248124
996470
843670
956609
674099
607187
375596
482591
133284
600503
553483
129324
111899
871595
601677
520418
823849
212921
951841
152601
654787
87877
984531
57814
6961
945610
460407
864069
779260
941253
490764
824325
505131
404499
507149
993089
998590
421187
562310
728516
426184
894127
755484
691064
475171
433227
749050
327422
471308
981656
346672
745366
336662
618589
360613
437386
238761
889230
399358
53881
493409
985164
36179
968641
414975
805305
874694
631954
723981
317862
637519
839437
228342
69203
22073
547036
618984
468348
210700
367482
630470
773040
759983
323328
948690
546168
88321
625906
68442
704304
202060
729468
838774
557526
423658
994240
839831
972002
391616
226047
366187
782238
319563
134076
817789
686779
671297
881557
889386
395183
674955
108301
491753
29953
361402
141474
197631
581481
12551
69601
139123
255369
601619
138923
252452
798150
298429
552755
800770
667697
976224
520532
196114
405376
958954
784558
348781
811755
345356
317461
417932
905154
886358
239329
476275
69031
770519
92462
163485
440530
167883
735043
639791
835276
373597
802205
721869
876287
470165
4508
742350
553483
238761
566137
995381
258964
630495
123760
864069
862271
840552
546759
430640
827272
750835
868
803943
148003
353145
758046
804251
412910
905519
202841
395946
702492
624321
361117
825890
233685
398558
886941
679145
361774
348503
162377
81029
990947
479666
716260
751908
82420
886631
560940
375596
838577
566137
69601
735568
178851
203708
448403
87641
112970
437791
759270
671377
728292
974838
913843
331132
215246
827334
903104
512112
224321
600671
140316
101422
367057
578466
921220
207010
562110
975861
616025
619603
528855
953810
109573
621633
609074
440976
790986
866275
873708
987574
216166
976224
319574
520662
988941
636139
604469
800770
596235
750831
130067
691911
386228
758351
569923
750130
482236
548591
369523
983140
955495
834925
610811
218273
358464
833278
412931
419388
394149
35663
554863
366543
890895
776673
98832
365491
201023
744547
969172
327422
762948
46755
754199
118783
151369
514023
213327
912827
314481
253504
561791
579796
722146
129775
69502
656132
272403
23089
494022
30185
505660
507672
832816
908254
29395
790420
465225
645099
81029
33615
550337
120103
186243
141732
674796
947858
40039
773522
631954
927298
552226
383815
960408
99831
161249
262821
850387
496371
473600
315142
814161
207003
816515
190053
785748
634506
222071
759423
650933
50624
136060
432704
121978
491152
232671
473572
89925
605115
297609
353864
46920
709179
694151
311734
354614
364370
309183
589749
654961
999909
785923
390273
727551
591586
209092
720867
591584
864885
106720
266896
155751
813305
725184
490764
749340
876509
636021
698556
125549
607345
969825
470755
998668
30784
816515
709840
129176
857614
347214
94084
123684
408154
853070
597925
990410
424603
701261
891506
994838
658957
64929
229357
450890
494898
633780
462138
141700
673281
413952
649962
445203
980429
12324
326206
912414
677168
754582
837782
656251
932598
976131
129427
102158
969666
506692
447500
890765
735666
864518
682718
711517
787537
868
984001
234793
547474
219884
105390
435660
943395
464461
649016
152433
673901
75844
717731
955623
54757
379865
33546
938519
472549
422074
100043
711610
354096
475591
996321
456081
353484
631597
499961
851058
7459
489961
583991
276794
564200
856383
605307
888435
874982
347971
996637
433376
190986
479111
343867
827334
408154
973163
955453
419790
371360
969172
300959
398282
630063
454267
571328
133109
488468
177291
267828
265261
278367
186693
654774
481159
247602
28573
551122
303696
582479
587136
319222
616835
661354
619237
81417
136327
131385
633375
57246
552226
93381
621825
123229
912136
820723
998305
414223
611607
347294
543811
401006
894976
491825
947058
132643
380902
780553
750211
270023
175271
864069
246762
661528
211101
120138
959604
301329
316272
240953
403943
579983
335136
370679
926186
366187
121377
915253
618717
862694
308635
195763
371870
550226
74061
929918
145458
144777
688041
89779
55462
710527
116516
914674
352250
978408
24902
701374
128592
902879
737995
350851
236861
476611
762889
480017
81425
951265
776911
436408
644826
80688
372784
626967
448076
583262
131069
370264
82868
927554
765654
98657
139026
822841
694510
231599
471602
251548
615461
242425
385356
625862
904719
348600
109586
503910
586208
807995
981397
88171
928344
615601
651098
726093
343571
903816
55392
699031
68398
856383
201982
717520
409652
140741
95092
292700
827334
7981
865515
178826
819068
711916
934057
454534
654737
45636
759780
946032
61125
306368
616328
350020
420123
499932
908301
283798
573827
458323
394149
223791
990120
458628
219288
25848
842595
495728
629232
543811
391208
385636
872579
932828
679796
416952
815953
409236
167204
86549
424991
187453
133674
960422
705039
90049
926699
581099
845272
153590
226093
158462
674627
413952
369962
590293
581807
398054
914023
961143
374307
213861
29535
127035
357297
504030
470447
40144
697189
243794
878704
203638
487897
776181
922279
134260
531929
9039
845592
926699
702132
512710
739375
224059
428856
188150
759560
272187
815563
96233
638488
439020
408087
427786
606129
666967
962536
771373
767863
225035
611607
145801
915902
661942
560546
48890
853150
491307
204043
426620
98644
435258
989726
895734
714036
522238
198047
128320
60964
988132
902599
996321
965896
676372
750130
40133
96387
38167
164772
449389
866869
734713
782192
659361
291284
269187
459920
284778
968519
76527
948603
848471
9650
443959
134628
451505
93728
308006
942796
816161
830409
456217
772193
428639
207971
675475
241469
154444
890136
688781
659840
350288
471469
689869
651981
846409
660312
318137
517193
268533
809340
759560
602634
634506
649262
868905
744155
657402
416748
674920
47021
456633
850097
280248
258687
182178
491166
696004
444859
568874
401301
370037
115659
274630
868
234392
638693
422511
353838
210393
645099
149721
606156
260971
731257
279128
368631
473083
589472
485473
136118
21089
454361
691315
673833
149485
207480
211829
750130
26318
810189
782511
607801
53004
762247
464759
901905
106833
517736
560288
505711
433522
292288
958323
395231
948696
43988
444657
298455
204517
744251
201628
757457
807036
476251
949822
346317
879981
541594
242864
412364
43689
10397
473296
423138
748266
86582
29423
331801
881567
909856
811337
647890
403943
77108
725373
330138
182555
608141
533579
767743
788853
943880
828205
79551
989102
641325
838776
941817
253162
866016
69648
947433
583991
733742
510287
723885
53830
318300
76143
1332
827440
642168
510900
80216
232341
920439
34926
11939
72757
709925
368874
758510
232026
589111
644021
242425
165566
665588
915569
293101
930975
12080
220765
958529
333784
82635
766331
483591
57970
424451
264504
892201
211829
364012
143274
26209
880283
273517
618717
917661
674539
299331
150602
264197
377073
162064
282646
523932
939608
772382
879213
267477
203088
923160
420885
388061
385126
840794
561791
719246
980232
523108
90606
209988
934238
445011
310654
763073
532844
528463
167204
901622
326096
733283
624385
792496
231681
70648
573827
74491
975148
32492
160510
353756
196383
664818
37776
176956
331506
34718
988292
903816
148003
596816
961933
400966
371767
387182
251418
409938
789741
30799
312898
903447
369010
538524
395057
546
603465
377165
506375
728613
556377
513958
844868
932224
102290
482245
473711
769781
981820
205634
225572
224382
523322
809586
917470
188257
749568
633780
841277
904840
762515
602679
938169
983950
925161
586459
579118
424124
934583
701022
244186
272718
661277
275586
155751
122947
641989
91171
15493
103848
283184
194094
858862
989849
256312
560546
817860
2710
632724
918779
790775
698138
773032
51874
472549
714596
532620
907096
742872
16429
1917
490792
136654
478963
496371
877670
370080
61125
36259
451928
811731
850846
844599
129161
230820
534631
198797
827245
530336
752338
432711
246177
736325
274023
267365
956021
672213
340125
366598
745740
3456
270192
755070
377039
369516
229650
86266
583262
828165
658415
61041
312293
797377
446743
405581
545440
45929
148659
562795
781416
760422
919194
549029
196480
848398
389814
758045
53830
792830
664374
53942
135266
280237
795425
380756
685976
817922
694510
403226
329935
692058
286807
908789
645626
674955
829043
947433
636009
166405
127663
567145
540357
527974
889426
493556
998305
616885
690811
206042
897089
762489
450361
903947
419753
421391
568610
283625
444657
773133
5143
757369
615461
371729
235591
115324
786679
998734
20652
206042
486686
715271
240866
956993
589575
283665
413267
625471
426184
247779
865530
443128
73937
585211
416084
211825
439824
834856
462876
86526
815587
248835
201349
685748
339048
521224
768465
533545
458634
53832
399932
700919
311571
96534
111268
912660
431666
912007
482234
823040
276221
824238
38011
651611
317980
581673
867578
883262
95208
673932
724995
388487
491784
296844
152958
182389
323400
845665
411461
595268
208467
976296
168379
988257
352141
222408
187319
4907
826683
997852
41037
297315
783306
150602
879127
699986
3830
629232
814479
277045
591704
169914
349997
730136
573155
43828
19366
997930
288985
428529
572913
14526
644806
733480
757878
628777
205844
219230
15350
648165
555366
496404
77355
97669
673901
68907
71756
371870
742816
692952
965160
698372
228728
73043
243741
787803
332266
986848
749050
790803
855524
621853
474098
394210
944511
521215
910326
632724
561670
138389
492036
65832
524720
525672
150086
726093
539203
7890
635007
857594
239909
348202
968217
28060
384899
133213
304187
404352
823611
886419
60816
651624
805626
633420
75217
634320
692963
369630
946036
216289
968011
168635
824766
59129
630130
635491
309706
649262
336641
673107
50251
437245
552003
375371
292971
355671
922447
975621
179154
383388
182234
755914
733741
871222
269446
81517
717991
40713
919181
302243
447345
720980
513801
761219
244005
304871
208069
862516
687403
502314
268835
8426
773842
398054
2181
591585
507735
79847
785516
797510
743771
364218
703002
447631
441531
452305
424893
447500
297195
201254
721743
314481
661310
180171
120058
836207
225603
395771
775384
487462
795
459182
522930
648784
932690
404717
656501
473711
79847
229107
454129
488460
807631
639428
197501
121795
927394
846627
20911
673414
869964
328539
691064
8975
811486
667001
900188
390907
968337
853831
382822
441025
826416
105741
999029
210610
982744
180723
985469
640154
989571
746497
974890
183346
618221
495215
998791
811431
395154
131494
654665
308158
274023
530964
396005
261066
420630
946036
832161
44730
944208
676392
756369
165938
563445
21998
278837
665500
360444
74961
492504
482646
453344
951259
326053
337979
639098
657832
467117
768604
9267
290540
179805
918370
751728
450931
898218
358784
738091
234798
246541
478190
296205
385148
739937
636280
773677
974700
344693
810722
891856
261071
192644
222317
299684
26588
717899
391692
540186
604062
441992
680601
499917
697635
586676
989198
126084
95079
941115
441059
230834
853558
115637
188985
812766
347592
534438
792496
247160
209185
43671
709189
801346
891825
352091
798491
588491
682219
708601
861563
893106
964766
571960
459003
337862
638360
99186
46928
243459
124247
765513
91699
713250
215490
72802
371921
802977
909201
328157
246868
145534
405154
750254
161467
905979
121774
421990
978937
430241
902458
363625
97614
787886
276064
475928
865530
843659
560562
435453
29750
252382
824771
726015
112745
241102
58697
959113
691810
877890
727743
408096
840163
117079
553583
975653
759271
490398
669311
911806
803841
733590
491322
178621
811187
858136
319197
658561
749864
598521
639941
55666
388758
225282
754499
578960
20025
848065
682183
957675
433978
774996
902656
959272
235637
956688
801302
101038
10275
92703
907511
535762
144333
115663
846115
748061
618671
732633
497544
735189
811838
910349
432286
133905
341432
533642
71507
60729
764684
264574
671336
508134
607110
520322
101851
136629
312799
473133
231054
915476
841008
582978
458624
635303
992134
637979
905723
334730
681184
238611
388801
847330
968327
161327
964855
667341
547401
68907
541732
948708
537650
710527
265540
437338
216546
494649
203528
917661
617866
125122
342248
33175
970284
549401
395107
215459
622655
768465
754105
673519
194243
354888
354880
143392
621320
652579
577425
754918
957832
757369
432208
528911
937611
216166
376071
533897
278693
242367
487281
798329
486240
858249
791636
549877
759419
488672
463379
872000
679367
76842
697167
258883
42005
696988
773323
996865
665500
577345
776933
579796
692242
269174
386151
979412
528575
6858
827277
799687
938896
928133
476251
875498
967884
291284
273641
785073
492662
535283
9175
544158
928622
824185
570551
991874
275370
163006
623481
320201
97796
578916
380908
624383
33071
585327
978723
955696
597274
940689
350451
842062
523387
611622
759732
86745
472881
611248
464030
652330
477007
764781
194700
578466
823880
16348
807186
981259
870789
161327
185503
290268
505011
67979
289301
129427
984708
427097
596722
608282
720468
107433
408087
143633
811380
620635
988922
591775
696170
332835
937574
276379
298143
466901
81425
669212
645204
845483
179805
400173
899730
941072
855072
202842
79618
912785
475712
225337
558683
998190
628009
68769
271335
493811
199277
174813
92136
284490
984556
435753
1960
728623
118410
351432
411631
597713
848598
154758
195952
212716
91320
809340
775963
456082
546224
878155
988922
840433
221947
131771
499882
82263
478738
33603
811033
750197
460121
714226
117759
387100
491756
726744
782238
891302
776933
757425
26963
454550
926186
381885
463333
551036
205718
483571
118755
830143
331999
175271
839673
855995
121249
851637
870109
773263
519819
396545
967489
227347
917469
323277
901003
518088
638926
854158
425372
88871
589100
198838
61945
915619
282149
179329
774477
830504
101714
906932
36049
240454
501937
461584
878862
231599
995512
477533
720108
837016
152428
668389
64048
334505
325202
806652
5125
861476
210047
607384
758428
287688
395183
708635
651245
694921
128369
579710
211372
90653
558016
127016
164361
332778
809231
437856
180728
972296
575271
195164
728050
177333
200048
34916
609096
555215
445462
848515
662185
588436
376987
523387
865515
528873
698722
192013
459488
648736
431721
245704
778254
593073
685976
180723
994584
129762
132335
680074
746756
941581
179487
499917
994469
426479
70811
668957
773202
779109
670101
190940
80505
597684
468498
994240
256312
601600
255032
731710
620379
820643
625419
490477
610262
193045
759541
486563
546788
872443
244846
891266
882260
771193
467767
169797
905459
66560
646540
231459
903157
318834
696303
983995
201059
443112
577437
159879
762948
441190
776933
616544
797963
928150
802957
595681
314317
784472
171123
306002
202107
794947
918805
466608
317444
317444
255599
479375
922743
28619
727539
763185
479380
372700
569299
752579
200581
648007
761982
615601
445459
850387
374827
502007
929918
167920
493569
693603
899670
77023
751406
565520
596931
333777
828093
581923
181327
496052
388520
61287
706804
589111
946750
748534
950338
938875
282529
228849
703548
982119
452064
34718
838981
712605
512939
989739
469952
140061
83689
524355
469613
464883
41557
459229
597506
528488
382233
437778
870668
663626
29089
803586
575910
75858
287015
218389
200195
167518
372198
231364
277764
398038
766152
642629
931986
883196
618732
924838
793280
105608
606156
239845
132766
100990
722146
685713
78173
449406
559893
555262
366840
105403
965331
456524
272990
497407
828090
429301
997823
359430
620835
899752
933214
144522
212598
654774
355446
941677
985353
183929
301358
759230
497479
415269
596505
863230
237416
604571
444557
803092
556749
411398
255602
11312
227703
886086
963798
911988
185400
521017
878128
172362
488169
359230
746578
289148
144983
694806
984557
969066
806605
830366
733853
345356
659527
782551
521779
737083
346642
908924
285632
938169
918779
95083
60432
156460
693517
278618
898106
4770
22466
726354
83722
837137
57242
969172
36418
520996
132788
571138
198263
597396
145143
156146
494546
283345
731273
208913
661705
960714
976297
774477
836205
507486
182967
234148
975790
524504
391558
251867
725688
445733
137616
287445
642272
944054
154036
20792
374236
883611
188827
258578
662310
807580
435111
733184
915975
653548
500516
607873
482559
747255
880754
372894
585890
840443
628615
396122
187803
683229
88871
644806
340216
855610
677455
769784
763770
493420
110438
607368
393189
446554
111415
353864
103143
500814
533635
498184
762518
445014
513649
979391
238327
868872
203656
610882
766593
509583
617270
928150
441052
649151
844039
724550
832083
435753
265142
641333
673107
563356
402180
919744
843273
368324
164772
372582
712953
731011
931046
940973
810606
147046
813787
654461
525131
340192
499961
456082
192359
77547
674387
963177
13394
378730
244062
253038
161216
481806
813305
323153
686680
130262
520358
702559
35786
800209
900034
375479
585621
374518
838865
152710
620415
943526
571152
212803
251611
456490
539676
164759
387009
916589
548932
601738
7766
353275
588036
595392
215627
907687
132832
831139
783119
196240
891468
252703
993443
604571
826929
998734
535680
687458
314961
250328
61459
352882
931986
423596
208283
769955
834387
858463
910627
845483
866422
684677
846073
498622
871488
908242
720604
491678
447185
49748
163387
960938
312725
31635
777357
95485
517011
325990
369516
370653
9366
726354
671973
872812
374518
281512
226902
682217
213887
943920
248980
437245
364463
167856
775023
742854
876908
880971
558867
234392
591872
617915
43566
804997
917400
989612
614501
123694
119914
210957
561576
59299
598764
544725
616175
459003
962919
630521
864885
448033
496052
581548
732876
678726
204173
920081
194876
15536
382779
994734
49050
332032
83689
451717
849460
845523
806605
358811
204557
844868
836357
973297
494106
986949
361790
696004
635175
937252
235457
901847
987574
108978
784441
848002
737176
580697
581894
670648
209736
135736
324159
962988
572897
785256
902511
6420
420654
644500
641984
459488
350288
940062
393612
346679
540355
701162
143355
685451
781934
582480
902833
586404
273870
700359
271789
452159
319719
803489
264122
625450
461431
175747
199622
47479
461000
657890
658075
915596
21200
453256
762604
443959
292490
398710
846334
961376
559197
954842
188016
993985
847991
949036
181919
991810
330335
697148
120103
233843
512379
327111
906050
396356
596514
