10000
744 610
-768 60
-743 429
45 -534
-784 900
-289 -373
-645 -314
357 -853
-685 216
944 354
-967 -531
495 769
348 779
-608 274
608 -190
215 -34
-42 -10
-430 498
-629 -340
707 316
956 -333
-536 -428
265 994
-521 -882
-632 -800
-663 -948
-643 -87
-294 979
-807 289
965 -654
578 -560
292 -55
-707 440
-745 -773
347 -207
-486 -103
-947 692
891 -875
227 420
-460 287
-712 456
592 27
-401 793
130 -113
407 267
-250 -48
355 477
618 -268
766 -935
283 -895
-830 -232
-573 -937
-142 -63
-512 232
-309 -667
123 272
608 802
146 368
-290 -753
711 -990
908 348
432 764
1000 -705
3 -487
-558 741
-951 698
140 -380
30 595
912 -193
-389 619
-301 900
-246 173
-238 -444
-198 -29
88 -948
-22 326
958 618
-780 -90
-285 934
-408 468
389 -165
-681 304
-429 906
37 -629
-736 -906
556 691
-707 949
-794 -753
479 480
-299 243
275 -109
-223 462
56 711
-187 -878
920 436
-568 -964
-852 695
-15 -135
600 102
-876 246
-343 -152
-117 396
-929 -445
-363 -819
-12 -98
953 -613
104 -416
238 -430
-445 22
-770 -223
-332 62
369 -80
86 -930
-28 811
-348 872
286 899
242 866
-315 139
197 -149
943 -503
-425 138
-540 770
-517 864
742 -514
42 -309
752 698
-148 32
811 -531
446 -560
220 791
985 -29
506 737
330 -557
-314 18
-57 11
-975 215
-879 -652
-853 439
565 662
419 693
271 -749
-309 -43
32 483
217 -533
463 -943
431 -619
-56 488
902 -431
78 892
-845 -999
-675 -178
889 446
179 32
226 -379
326 888
491 29
-46 -686
-759 549
917 -802
-2 -341
-863 -327
301 -95
-175 -156
-983 -645
-485 -362
844 -324
-768 -23
-162 -299
-119 861
-422 -165
812 582
-669 6
934 250
-790 226
-473 -337
-386 803
30 256
483 -335
297 -184
16 54
786 576
-8 -278
-967 667
-315 813
-663 276
944 -229
-504 478
-356 -131
-935 -635
679 -479
307 252
-925 -81
451 701
312 -886
923 -6
298 -428
568 -679
-981 -267
-345 -902
-213 578
167 -345
-713 26
-686 736
14 -714
224 -127
-150 65
208 870
25 626
624 -334
888 -453
6 378
-808 -947
802 -804
225 375
648 785
64 -516
-90 709
-305 174
-591 875
393 -96
749 -80
111 -999
-882 496
-475 484
-3 -792
783 959
-192 -564
-389 376
438 10
-870 -252
782 -661
-874 -274
-462 -877
-149 28
-503 -674
-625 -784
-923 542
445 36
687 668
943 427
793 -680
-616 346
166 428
600 910
763 255
356 459
-740 -626
18 -36
-863 675
690 941
-172 -796
381 -688
-876 -96
-959 48
642 308
249 -901
689 170
488 -386
223 -363
-622 156
-54 -219
420 -533
-234 -747
-655 -141
-579 -187
-210 730
26 163
-780 55
356 268
-11 -214
598 -609
640 -362
237 -844
932 -604
722 -218
-428 -893
11 769
41 -924
-260 -372
-776 -755
-617 741
-92 122
-283 -193
654 838
226 581
550 700
-456 -11
-723 820
51 -776
663 -729
-721 895
-346 -617
-801 119
976 -694
889 307
229 80
-494 -578
-784 936
-446 549
-698 -462
-720 260
715 -457
526 587
-691 764
-433 684
365 -206
843 840
-784 -327
-385 571
432 167
674 443
-797 941
627 317
-817 -317
-902 457
-613 414
-983 834
-152 -773
-122 -190
-567 -185
411 752
-547 -736
414 -893
-700 951
-4 585
-787 348
316 -240
415 435
770 55
-872 815
383 475
-891 435
-737 786
798 -426
-838 546
788 -583
1 -522
-498 -894
-425 236
-278 -425
598 -568
825 147
-478 -889
491 381
-644 754
487 -930
64 -360
598 893
-177 717
-839 5
-602 -524
-305 78
-764 991
-561 -101
368 99
772 184
964 -507
-953 -613
343 735
552 31
910 947
476 -177
-984 235
-94 -206
706 -936
79 -868
830 -77
-657 128
608 -868
-437 -320
699 932
617 573
-685 440
326 -741
-957 994
-898 191
-799 -954
215 632
-887 511
417 339
-963 -529
266 210
498 337
280 -768
-531 626
-823 364
-49 -982
-832 -140
-120 646
251 -69
415 591
-947 501
-489 -212
-123 47
-138 -424
-72 735
516 -365
-809 -860
-218 -559
824 -725
-968 -643
-200 351
517 36
-725 288
-845 -831
36 -451
928 -725
924 521
417 987
-321 -33
191 -553
96 -891
-76 25
678 38
563 371
-124 -760
908 -272
-624 241
387 -727
-6 -882
-386 745
-412 248
66 -166
235 556
516 -45
664 -190
929 -77
-143 -537
-489 -795
151 -299
-679 -309
641 907
-6 -651
797 -455
525 857
-510 -160
-810 -201
-881 -553
693 355
485 835
-449 30
477 805
-934 408
387 -295
148 843
-717 -33
935 117
-305 673
228 411
-486 853
-328 -784
-369 -408
-504 -712
-170 278
-906 -657
164 -762
419 334
-981 -209
446 817
-785 422
88 187
-312 677
-975 -782
800 -779
-944 -63
402 880
-760 446
738 923
10 -545
328 90
-413 900
539 -951
-253 752
511 584
851 773
-485 521
-406 274
63 639
865 947
-745 88
970 67
-216 10
281 -524
747 768
-825 64
-23 8
-805 555
652 -841
669 177
790 -356
-953 -791
598 853
423 942
474 658
-777 -604
182 -475
150 794
-103 -507
-642 264
-721 785
-588 -953
480 -435
623 -601
-624 -679
-115 -685
689 -114
-928 754
992 816
500 24
587 -197
284 -605
-818 749
-301 77
-753 596
907 -628
-476 134
351 641
-416 -385
834 -913
540 856
675 318
-630 457
-910 -158
152 -708
-598 493
447 -128
482 -872
-333 -628
-728 -18
810 656
925 354
-475 -911
600 -976
628 -200
518 282
-162 -357
360 775
-421 -87
124 -134
341 255
-579 -890
-723 540
-429 928
857 231
-977 659
-475 -356
-700 -914
712 986
-764 606
-366 858
481 -14
-442 706
348 -128
268 -741
206 -392
-318 596
747 -724
-441 -278
125 114
294 -251
-961 338
-289 -454
-117 -55
996 -438
25 38
524 46
873 96
41 -362
-961 -392
753 269
-966 947
332 991
-498 734
323 537
-312 461
873 929
354 982
-840 -962
-843 -638
-156 -987
-907 -437
839 208
402 -254
587 -925
372 178
540 940
655 992
-110 199
-130 806
-685 922
-919 -47
-429 -208
539 -477
-984 -236
389 257
226 -466
842 319
-351 528
365 677
-179 599
-364 -472
-575 994
-49 -972
245 321
368 -814
-409 -234
-11 -822
-793 -106
-944 -809
177 -839
780 -596
371 -526
-274 -577
-623 -959
-962 -488
-177 236
-224 672
-453 -684
-425 -60
-766 53
594 261
-64 39
-11 466
-709 859
913 -641
-457 111
-840 154
701 -857
-668 -264
-562 960
862 845
-457 -32
699 -595
665 234
-48 -913
747 -319
-787 -771
-471 -112
826 -101
-228 230
-635 -754
421 -510
-457 -581
411 -677
-50 -408
739 666
-278 -291
923 297
-760 -440
-300 282
597 147
-305 -3
814 -674
-125 -687
88 757
596 -754
-650 -941
-940 -558
281 469
-924 -222
-376 -92
513 972
532 -256
860 42
-993 251
676 852
890 -918
-524 -936
392 -266
-742 -407
-819 734
-876 275
-316 -999
95 579
-738 468
-16 165
-110 856
-122 842
866 -350
807 237
368 422
980 -121
-759 862
-44 810
-647 -487
-363 198
-647 -742
326 282
386 -498
832 -656
242 709
-347 -713
-405 991
664 -383
-463 -851
283 463
-609 -789
323 -460
-95 -343
1 36
643 -218
-311 -102
-259 618
-225 -774
971 -662
-807 998
-637 -605
729 415
-848 651
-736 -843
718 -110
328 521
28 53
990 -659
-771 -197
597 -623
16 -946
-72 624
979 -364
845 599
918 -795
-749 437
347 221
-213 -18
-713 725
278 388
-359 991
695 -635
717 -948
620 -1
-913 -858
602 -286
845 152
-850 -831
-544 490
-798 -557
-257 -357
-423 -566
945 422
571 16
830 345
-766 114
249 -889
629 -536
-670 688
-317 -932
-305 700
-644 408
134 295
798 -660
-675 118
-863 228
535 -681
-75 506
895 -473
904 968
-593 -693
-142 153
-960 274
564 779
500 -225
-441 381
-644 309
223 457
-407 -748
929 -799
882 544
-745 299
-58 997
-517 -472
-676 -642
-31 -55
-855 332
-198 -53
834 889
560 -813
-1000 -91
-388 227
-21 -80
416 50
-359 647
-462 -482
216 243
-374 222
695 -110
-940 -862
503 759
672 816
-559 935
-784 743
-885 -781
656 -674
-727 603
-861 -516
-70 -459
897 -601
881 -209
-240 -979
87 909
375 -629
-135 -728
924 -799
350 466
894 -392
-395 940
-348 943
-608 294
455 881
502 262
184 -933
-470 864
203 512
231 704
33 80
691 -530
-429 -583
-814 475
194 427
335 -826
-117 126
964 -157
-815 12
-257 364
239 521
-650 -567
616 539
-861 -228
659 -512
-390 328
-428 651
45 646
-921 757
838 163
402 498
-568 -472
951 343
791 -183
-731 -736
-336 -55
-583 -126
-446 -776
353 190
748 319
765 790
-989 -731
-32 -339
-210 101
426 -820
571 678
677 381
337 -676
-627 874
121 374
346 -24
970 642
768 -296
-224 678
620 -49
-975 717
-590 -305
964 -901
-263 -318
351 592
56 47
-380 -991
720 147
-110 -675
884 -724
213 672
-91 -163
496 -102
88 250
295 -444
614 775
-864 801
-348 411
914 190
153 -839
788 288
440 -724
-548 -50
-964 203
-715 -819
-1000 89
-466 -272
-609 437
-746 886
-720 -327
-989 329
834 -558
-240 -466
377 493
508 -341
342 499
643 -138
409 417
-759 -551
573 -261
-659 872
570 389
911 723
693 513
922 96
-215 -316
-175 -666
121 -493
-492 646
284 -499
511 340
-56 716
-669 -208
-571 -473
-937 -262
344 919
836 -630
881 -123
-625 327
47 806
723 -577
-925 -374
-410 -151
-798 903
721 568
-851 84
380 -142
-680 309
582 -686
-167 504
-462 197
-779 631
-127 -36
173 -515
796 -57
-640 616
-839 -17
-859 -367
-367 -97
899 481
-485 -599
358 975
996 -592
88 813
-57 -386
-294 -994
-419 239
-677 -780
42 -82
-216 -675
294 400
-798 -164
562 -925
754 362
945 -682
916 213
-174 627
-981 -790
-908 218
579 -421
-29 -661
62 726
-754 409
-377 690
-432 364
888 377
53 134
-672 -975
-267 684
-878 621
-597 876
-191 29
-783 102
-799 -720
822 610
-749 -186
-246 -72
-847 -957
849 608
142 -446
556 -791
24 -355
-908 408
250 -662
972 -856
977 -776
-227 -405
-401 875
876 -203
-762 729
86 -573
891 197
-117 -60
-854 720
694 -346
640 -473
-834 520
-32 -362
-925 901
419 -287
253 576
861 -903
127 149
-809 -592
-905 395
-846 -516
616 -583
384 -797
-750 99
-205 -680
-280 -669
-714 738
-367 -639
-516 -134
465 809
965 42
375 823
-174 -254
338 -27
58 615
-420 -901
-25 647
127 983
223 27
-75 916
-802 -106
-639 448
805 -410
-603 258
-439 -536
466 331
570 387
-291 75
85 -813
732 738
-739 187
85 306
123 -418
389 122
-772 554
-846 -981
970 -465
-611 -609
654 -941
25 -881
837 415
150 546
172 -799
520 -213
546 619
-578 -251
-330 -186
-393 822
4 -296
-890 319
837 956
732 -330
101 865
-603 -391
82 406
776 342
259 -11
-3 825
104 -281
-486 -828
620 -232
7 -37
-391 -728
-133 -678
615 -416
156 -482
682 226
-783 635
-9 631
-906 -194
-697 792
566 79
-345 610
144 -243
-629 -88
155 -880
-795 886
-109 -74
657 659
-687 572
-14 194
171 -936
-859 687
-732 471
-433 23
-905 -244
-844 -662
-345 234
707 -515
-573 944
-146 307
29 -62
896 -891
486 127
-191 647
704 120
153 725
193 -37
-968 681
-434 222
964 15
-636 -922
-811 -141
-988 206
-68 -422
-438 -341
500 -289
621 78
-131 473
4 -483
-987 -305
491 -223
466 219
-600 673
775 906
23 634
-181 -577
113 947
-605 176
273 483
-988 241
721 -708
-368 -633
990 908
422 195
-373 661
-448 -833
-685 -189
-41 -331
-651 14
324 625
-238 546
197 125
101 -532
6 455
650 -4
526 195
664 661
-463 472
233 -824
-757 -379
247 -464
-122 -681
911 589
-324 -372
-567 520
-891 -372
122 -259
192 -652
-903 232
566 234
614 222
-2 320
783 889
342 37
507 192
-491 29
518 -37
579 -241
313 515
-543 839
-554 -221
-322 -453
-711 -137
-216 -112
-261 291
-879 395
-614 843
-801 675
-366 524
-872 -882
-776 35
-521 754
-102 -415
-231 -660
880 98
302 65
660 265
-805 375
-326 15
-100 214
376 917
-782 -504
-845 -935
269 787
712 -451
-915 -265
-689 495
720 519
745 280
-325 666
1000 -783
-505 845
-32 -168
69 -223
-16 -426
1 616
154 678
623 -374
400 266
-842 301
89 -788
403 -373
619 -926
261 795
-221 -96
-72 811
710 84
712 -212
721 -647
-861 -912
-648 572
287 695
-266 180
-63 -826
768 -561
-240 806
-415 981
377 474
-439 -720
229 -431
-975 940
357 -121
833 299
-396 818
151 -261
528 10
332 416
-377 -528
406 53
115 367
-956 -897
-150 -753
225 -671
-657 762
-125 -245
352 835
-145 692
767 -964
-687 77
-869 -266
762 -795
-873 -800
783 651
569 -814
364 167
373 967
-942 663
683 -912
-159 -988
774 9
452 -45
474 852
-880 -479
745 -839
485 -651
862 -253
721 -734
-436 -734
377 -163
876 496
453 307
-251 -712
-465 39
478 -809
-194 375
-745 -251
237 -438
-448 -214
805 434
-151 864
-740 386
538 348
183 115
349 -227
-281 -402
-495 610
-325 -987
691 400
-821 997
54 -107
766 84
-157 922
399 -663
737 921
-953 480
555 -737
-660 -363
580 -76
341 954
7 326
-606 -748
503 955
-286 541
-328 -232
-120 -147
667 488
-544 -546
-440 -325
-257 -255
123 936
-18 -39
-785 471
289 890
691 754
-744 844
671 690
-654 -174
574 327
-838 -223
-746 -12
217 -766
944 700
-632 -909
-319 -317
-433 -332
531 -797
471 -736
513 73
-523 -565
-747 953
381 -826
-481 448
-512 -633
807 -511
45 191
-85 -915
-506 561
-365 -324
681 490
241 -720
-276 -404
597 -161
474 837
0 331
854 -651
-221 48
-631 239
-480 693
-510 960
-49 276
475 851
-395 464
-635 265
-449 886
-671 -945
951 -376
311 -636
945 -214
292 -763
-469 -54
-125 -665
10 754
863 768
-136 279
-246 -168
585 -638
-229 954
265 787
-723 -595
-174 879
-253 -553
-940 489
964 806
415 -675
307 -308
849 231
-553 599
-327 694
882 677
885 465
-480 755
219 -434
-337 296
-103 -827
-761 604
-353 520
35 -312
606 111
629 -793
-991 -357
628 -375
-987 859
-246 188
-128 -862
-203 -65
-822 -879
-316 745
-183 -61
145 -474
580 -883
819 823
615 -679
-803 -847
657 983
-441 -759
273 279
-786 -862
745 -312
841 -303
-361 703
-251 -483
846 -546
-855 534
-229 -932
265 99
-355 -803
-581 141
-703 595
-553 -206
-84 -805
-473 -283
694 -246
92 -833
887 -365
818 807
846 -502
621 278
996 -34
-633 463
-641 -932
-920 41
-464 -51
956 -938
264 728
749 -300
623 -169
-439 -960
840 654
660 813
-381 860
-552 -266
579 -503
412 -952
771 634
678 267
-504 -874
-287 -556
465 -793
-656 -829
503 -836
166 -985
-276 246
-825 842
467 12
-69 356
771 -1000
192 -126
386 592
-319 -472
-176 -230
484 -705
-731 -114
872 -244
-419 871
114 -562
374 -918
293 881
-975 429
-22 333
-581 493
287 -752
271 414
489 -623
-713 754
782 -882
825 -783
761 -920
-832 -519
-774 -732
357 -868
569 541
-203 252
-438 66
660 937
75 -496
820 790
115 -638
-891 922
693 -417
-82 911
-639 -576
-957 -519
-135 -295
608 320
-154 -456
-342 695
-418 886
603 -194
272 432
697 458
-544 -710
-346 48
560 -788
-603 564
57 -34
-565 -842
615 708
-187 -22
-445 -604
-673 -119
804 480
-17 -520
-87 404
-915 -9
-239 986
166 -465
371 586
-507 -813
945 348
319 448
691 167
-617 -629
-269 281
-198 232
93 -50
-612 -977
-216 -790
-305 778
547 959
-345 848
384 -571
56 932
206 -638
489 817
7 73
166 -954
528 345
-955 605
864 -57
-210 313
-166 723
-682 -650
609 -99
-184 236
855 323
332 878
-966 -783
-195 -187
840 -915
-476 -498
-695 783
778 280
-911 162
-151 796
912 937
885 -976
-690 241
39 423
611 -399
-461 409
63 559
527 -119
104 -309
-621 960
269 149
417 773
-220 -352
110 -831
-212 790
211 -167
871 180
-580 342
-687 633
812 -752
542 344
394 730
-610 -241
936 -533
372 -742
695 109
656 382
114 -975
-707 701
627 -605
988 214
598 -285
-238 -843
30 -63
743 998
335 223
-486 -246
80 -185
131 426
29 513
637 130
47 682
-519 152
763 744
-935 -33
121 -764
894 -865
5 -29
74 754
-979 312
-221 72
388 327
-453 -733
-766 -890
128 780
722 422
-982 -989
-967 788
-459 -761
-120 80
-717 986
-699 401
925 855
-621 304
-262 314
-215 147
98 293
264 247
-885 186
835 997
592 -392
806 -523
-842 -218
-311 -300
-221 722
-223 -122
443 965
-562 -394
-4 -18
303 178
914 448
795 -295
795 948
-861 672
-658 701
-274 -779
-712 -823
-579 -684
-585 843
172 549
688 23
710 -608
-178 226
-38 947
798 -186
-410 -693
-68 737
138 142
-436 -608
402 -284
290 544
-721 -928
14 -986
-848 -923
-215 212
959 581
77 743
468 915
-788 -369
621 17
45 550
314 90
-209 981
-829 92
635 937
677 335
82 -264
-864 410
-939 677
414 691
664 439
333 891
-858 -565
208 -549
-947 -700
350 78
-196 -698
-723 423
-472 455
782 88
-77 -296
418 -127
713 520
-716 -761
616 -392
680 -272
-254 -950
210 -820
840 -131
787 -350
-866 220
515 -138
74 285
-378 575
-103 -361
813 140
-199 -69
-502 840
-656 521
152 68
-696 9
511 -682
497 370
-880 -800
-560 -216
-586 -995
989 288
524 -894
-932 -508
-693 790
542 -496
183 604
-979 -171
870 -279
-415 5
-890 673
977 -974
908 396
945 -204
-850 -845
-345 722
-681 -2
-539 -988
-351 84
-836 -890
133 628
322 -270
32 130
447 -548
-34 700
626 -967
-920 -649
-69 -39
-202 257
666 785
-338 -886
-198 346
463 209
-265 -664
-72 974
57 -681
899 269
-692 -605
271 349
-758 -868
693 -461
-548 508
-405 -841
-787 -279
-777 257
-838 -804
-958 185
506 -147
-430 -527
-86 -85
64 21
-458 -137
-131 -973
-539 -286
344 -242
-305 -952
325 495
887 684
-400 65
-902 617
-265 350
170 -299
418 -58
256 -310
828 17
583 -581
875 -104
354 -98
-568 824
-184 -960
-304 256
465 729
636 -705
853 -185
-548 13
389 -910
234 928
210 -447
121 823
497 785
-481 -653
544 -921
704 515
135 958
-978 342
517 822
968 110
-680 -999
-455 392
105 53
494 257
955 -749
-32 -610
795 885
870 713
-480 -555
-487 -223
-59 -736
32 -929
773 857
-582 255
451 -164
-604 358
466 -979
185 -498
50 -295
561 818
-499 -428
-398 -88
395 -723
659 165
937 468
-10 161
-35 773
-347 660
808 -125
45 826
-974 712
799 11
442 665
103 -774
523 -113
38 -320
-137 -699
-815 -144
-633 -473
861 378
-171 573
956 631
115 837
-322 7
505 -774
-57 -413
-79 544
54 564
566 -248
411 -810
61 883
349 19
-400 717
-519 -725
588 146
804 599
317 66
972 99
904 730
-265 -520
850 -231
-868 864
293 -198
-209 -993
347 686
904 927
327 -216
-940 -493
-923 210
-635 750
-112 -482
262 193
-358 -924
185 7
-161 551
-392 1000
271 -486
397 -967
364 -675
-132 -614
963 808
762 -116
305 -802
-495 -437
358 -760
890 -237
837 -524
-146 -402
539 470
965 -161
-961 306
282 -992
136 -185
630 -227
630 991
-438 518
774 627
-60 -180
-276 361
-253 124
548 -319
711 887
-950 530
740 -394
493 -206
816 -310
-577 -61
134 363
-511 -975
679 -386
87 -871
198 405
-696 899
-212 -195
-669 -454
794 719
-439 -63
124 379
-747 331
964 -979
-289 809
-833 -615
-642 -767
-399 531
749 868
-71 480
472 957
314 -635
994 689
-28 393
990 453
678 -366
-138 587
-458 527
-832 -881
509 746
-50 55
307 553
759 466
648 -79
586 280
566 -878
825 231
-889 433
271 98
-424 -368
-491 -312
291 833
-514 574
-337 951
-569 -685
-727 -300
638 -80
-195 705
-420 48
72 225
-704 -19
-25 757
-217 -79
86 -69
794 -929
152 -502
460 -660
-613 -901
84 286
-662 -662
-362 -788
-147 -239
-821 -137
-404 -934
-493 -845
158 -994
-471 311
237 414
-47 128
-112 -347
-479 -646
-556 268
-989 -666
625 605
-456 -586
-209 -63
-294 841
833 -921
80 587
-41 -781
-670 911
-550 -250
-97 24
-190 143
-699 574
546 34
-409 752
254 -543
948 452
-833 281
-834 -740
479 700
-667 604
319 551
166 619
-667 262
804 805
-845 -587
-276 -519
837 -163
-995 -79
97 801
198 -125
-408 157
-20 -419
-690 513
246 958
32 781
496 -127
-407 356
-47 292
212 -426
-513 -559
-32 -889
-562 -520
488 293
-352 123
661 -797
-985 -542
-946 -397
-335 101
-841 -789
281 606
489 782
217 -279
192 -235
845 -297
496 32
30 112
-968 -921
586 277
-240 -920
252 939
534 741
-203 -302
-676 395
215 56
-37 -235
-789 531
420 -726
144 45
73 28
-922 301
-555 -636
-499 920
-825 -410
332 910
394 352
954 614
-865 -434
269 191
416 727
-775 -521
-209 508
-745 -497
998 -37
-785 862
-980 435
-515 702
-843 -125
9 -931
355 254
357 751
-912 -184
-413 735
714 -452
262 582
115 -161
-299 862
-58 183
727 412
-758 -524
644 896
357 259
-718 -748
-408 -449
892 -255
552 283
57 919
-980 -243
321 -956
514 5
527 697
659 -268
-955 110
-245 -946
-833 -213
282 146
-919 788
-488 -906
-365 -949
-798 977
-303 481
-396 -710
-616 -71
-828 466
148 887
14 -899
442 754
-509 877
670 -443
219 141
230 380
-485 -23
-165 945
946 -125
-132 -702
-373 -225
-183 -522
-320 -409
-469 788
-965 724
273 186
473 509
-107 829
-371 761
495 581
77 877
-632 -200
-576 -481
871 -859
243 635
755 -672
505 -589
853 532
97 290
971 541
287 -51
-888 835
924 -834
676 865
-704 776
-166 -378
105 807
575 904
-75 43
-279 554
621 -928
-483 769
626 -561
-170 366
-53 551
421 184
-506 -50
-534 -125
-93 -444
265 -700
-303 -366
-1 58
-698 951
-114 470
519 312
715 661
231 -235
530 844
-709 895
434 -741
-190 -335
-654 -735
295 -651
-747 -478
-282 -575
159 -876
102 -541
-306 -519
-236 647
328 -361
289 -341
-956 162
618 308
-534 -411
967 140
818 -120
-204 -457
-434 -709
437 880
-50 -771
663 358
-108 341
-399 90
107 -706
-456 -254
-396 449
-435 680
-212 988
-626 215
660 -225
420 -452
-590 -818
508 -104
-548 300
-280 -552
102 399
-84 -966
-207 329
-657 -256
707 824
-852 431
-825 -987
-83 -309
401 114
-429 -875
-113 -552
359 753
-97 758
193 -472
-341 690
-33 536
-184 -883
464 -303
-841 -488
-471 237
300 223
535 484
-639 -520
-334 473
331 500
346 754
82 938
-176 -680
-686 -166
-458 -665
-163 897
183 -276
-802 470
-851 -128
252 -170
934 -870
-608 -312
-405 94
-859 450
-180 -73
524 53
-548 -166
429 -156
485 -794
750 -617
-585 -684
-735 113
939 -218
593 -237
419 -822
522 -810
823 569
878 571
766 690
827 376
-208 8
-12 625
-313 284
803 -366
-673 102
80 14
517 -147
16 -901
0 349
-594 -867
154 -680
201 70
-76 -399
884 -501
523 -581
706 -93
-376 -971
-228 598
486 -656
-912 -467
-458 249
834 -122
-617 466
-922 943
-977 167
479 393
595 -707
-135 -544
54 -677
573 404
405 462
-804 995
-609 -160
198 -701
333 -460
712 501
513 706
-815 824
398 312
-801 792
482 -819
84 -711
-149 -576
845 -386
-664 -362
-826 680
560 -335
494 505
-810 806
107 134
407 61
770 518
-792 -116
229 -552
-691 469
-13 689
-79 -479
-770 16
600 -326
922 -27
-749 -165
137 368
645 133
996 850
146 -218
673 -220
-642 969
331 415
-148 980
83 -689
830 -105
-767 44
299 675
-117 914
529 -893
168 -585
682 476
478 841
445 156
92 4
-599 -952
281 549
694 -150
643 796
-941 -408
352 -143
-197 -30
24 -113
631 -521
431 -876
712 -710
-208 379
960 115
102 -828
-746 221
-316 -533
-896 891
-278 170
-400 759
338 -264
-894 -308
599 -641
102 586
20 -105
-574 -690
55 -672
-428 789
201 -866
-453 -990
733 -864
-84 -188
230 -173
980 713
-253 -358
-214 -730
741 -828
498 337
237 -267
-180 -366
474 -578
975 200
-826 108
-692 808
265 -325
-996 -447
518 -318
-750 985
-716 69
757 -400
-16 738
262 -266
-321 942
-791 -238
401 -397
-875 -950
64 882
252 -823
-815 855
627 947
-932 682
-11 -829
224 958
-91 -155
510 -386
30 -577
-907 -191
205 990
686 -472
160 -771
86 -555
-812 602
633 -853
-816 549
-399 -775
436 -653
-949 -98
-811 58
186 -424
-687 -847
245 -114
-406 843
3 -59
-595 -47
-431 -176
99 818
428 379
259 356
-744 -687
292 -803
199 -866
634 -711
-166 -613
-681 398
566 788
-560 964
-601 -702
511 214
778 75
-701 912
-131 256
817 -14
-985 -548
-226 -761
-273 935
629 -943
960 416
-342 751
252 813
-287 -126
99 371
-677 -837
-241 -221
714 399
997 490
-795 -741
-579 296
-197 -462
505 383
593 189
785 -21
61 936
-329 -49
319 773
-733 148
-747 -541
792 523
-436 -472
-885 943
-806 826
588 -274
-552 603
-895 -882
-231 714
773 -968
-251 834
-958 370
-521 110
-734 675
260 453
-939 -722
626 510
-60 -499
-573 -439
113 280
467 -639
584 316
-915 -658
-7 646
-317 8
-639 122
542 244
-936 -66
-361 -174
999 -591
977 -225
-618 -772
560 269
725 831
-3 -20
-801 -787
229 444
-148 633
805 86
-35 885
504 -737
-385 698
523 -885
-349 184
429 912
421 -302
649 743
939 -315
329 787
-345 284
440 -318
818 958
-842 -842
-751 466
505 -478
-875 312
64 59
-933 -38
-221 -97
-315 -842
-697 540
-821 589
-624 -430
452 -91
91 -510
86 -23
-714 -883
-117 -607
-698 345
-722 -398
-990 -942
893 -308
948 362
167 312
-351 -357
-972 -982
657 -102
228 212
81 881
915 412
-877 -904
107 496
0 626
-560 627
229 692
-892 -520
-148 -637
926 -155
679 -150
966 -354
236 626
710 729
-249 -653
-981 -4
320 846
155 -206
846 811
237 -83
-586 -253
589 -636
70 -697
637 994
157 -642
143 -934
-338 286
-994 237
410 -566
-528 -745
318 -724
96 788
271 250
-997 -717
694 -89
-988 -469
957 274
429 -902
156 -407
-595 238
997 351
-907 -580
-505 3
916 190
-643 -40
435 993
589 -747
-609 -373
619 -496
-277 194
-24 92
-784 286
-944 -917
-890 -214
409 686
-808 904
-410 960
823 -200
-22 20
-211 -709
-190 242
-127 -275
599 -124
-561 907
-22 -76
-227 891
-477 942
-923 802
-54 -730
-686 -869
-944 921
977 -508
-520 863
814 93
811 -261
57 559
-690 -154
55 -302
431 594
-191 601
977 424
-428 925
506 -110
512 -545
-60 745
-752 260
273 -123
-471 963
172 -983
-153 -304
42 605
303 -930
-531 96
606 603
-615 810
-933 -615
-287 -953
-204 -451
-429 -808
745 -372
-919 -291
18 -537
455 -916
343 351
-944 395
-338 918
389 804
187 -811
-239 736
-324 102
-975 -484
167 -295
-52 258
376 -565
978 165
-419 -87
-360 -72
701 -547
477 -187
-535 808
191 407
-742 -150
378 -828
-491 -478
273 458
454 -152
-561 -547
630 846
303 295
797 -542
457 -748
919 604
-590 -765
865 708
-459 782
-793 536
536 425
-17 -286
-576 490
441 957
849 -440
581 -270
-771 579
792 -5
-431 -17
-171 896
-295 -756
763 712
580 -919
518 -336
-693 -27
-198 -74
252 230
758 561
698 -793
-134 666
123 -550
193 945
-750 -460
811 640
-652 -727
935 953
-892 -650
-135 -470
801 305
-300 571
-537 -854
-640 -632
62 1000
494 -307
658 -420
-58 82
379 208
381 -896
779 -986
780 -590
-35 487
660 -743
-824 323
616 698
-973 757
-990 6
298 368
605 868
737 -635
836 452
216 -302
740 665
-987 -656
2 -943
412 -616
925 -395
668 82
860 -290
260 992
-817 407
-397 831
-727 -86
793 246
98 -126
-268 -88
-629 -266
651 -627
-47 -386
345 495
-682 223
-541 225
-487 -804
-597 -104
-576 -699
845 213
-804 -766
-580 -602
802 694
691 91
429 936
7 857
467 -773
992 505
-468 -155
989 126
-701 67
-980 649
-76 -52
60 -52
-82 745
-695 573
-255 328
731 -874
-717 584
-318 -93
-723 -624
958 531
-119 -604
-672 741
892 836
977 969
-324 356
751 -831
491 -294
-444 838
-114 -342
514 -597
-457 -504
660 -355
783 -466
202 425
528 562
938 486
925 519
-333 -692
-987 157
-590 -662
-35 6
18 -332
-528 716
943 -860
926 -882
-7 -537
704 73
-25 452
-438 -123
-582 883
877 -108
-497 658
833 713
-769 56
-255 369
354 231
-784 -852
-29 -138
-574 439
183 -558
285 -96
-125 -516
653 -515
866 -207
-820 -528
241 -376
-441 612
-442 -732
-708 -516
690 -348
163 -306
-875 -472
889 50
-419 -420
873 -248
111 -71
391 547
-851 -806
-644 -483
-830 287
-57 996
459 -532
-916 -541
-278 682
480 -845
-631 -417
778 759
445 312
-26 -308
-422 -344
1 562
164 -160
-578 -903
213 -564
-439 272
-124 -896
-441 161
-798 -420
380 -498
897 809
-347 940
346 770
524 -217
384 212
545 -989
434 537
511 -989
-876 -492
-894 955
909 -458
-593 -376
-845 -110
810 339
504 -218
-432 -744
-430 792
-788 -193
347 -578
-8 967
-869 981
168 913
-829 -369
342 356
-287 -730
188 -949
-410 -500
907 -715
638 -611
-303 -327
-438 -53
-655 -103
712 153
400 -208
524 -792
-135 4
-589 -113
253 -605
-564 721
492 118
-186 -252
-33 811
415 -281
306 -756
930 -529
1000 -85
-476 -500
-296 101
156 -984
-716 80
-144 785
-687 -979
228 -754
796 -956
-895 230
242 685
-835 478
567 587
-257 -960
486 853
-530 -897
-601 -204
-522 -76
-311 -561
199 -311
586 911
-45 -455
904 -656
323 -775
-551 73
560 802
217 -907
550 -210
-747 421
-971 474
333 -380
-315 82
-946 587
-78 813
-677 -364
-152 -333
199 -621
-105 842
966 -984
-953 -203
-178 -700
-80 978
232 -608
284 729
93 320
702 417
307 220
-564 -740
-143 -949
861 -56
87 843
148 125
820 837
730 237
660 838
560 -350
-128 -173
-116 285
62 -24
-499 133
55 -695
-536 170
-146 573
-933 240
492 -16
-133 827
-465 -666
906 -495
692 -899
-314 -884
916 -176
-47 -512
-315 -927
-624 -543
-607 -499
-976 532
214 651
890 178
279 -749
-973 99
-286 136
-481 799
-930 -200
-585 730
-580 495
741 -763
-440 -333
110 -697
-242 884
662 -29
-9 -410
-450 235
15 352
623 -883
108 410
-376 -492
-696 -64
-896 314
729 -254
-205 -600
835 -621
535 -337
960 382
-769 581
-485 -667
425 -732
-987 777
-65 -554
349 43
-848 -379
-360 520
399 895
470 -659
-242 -674
-496 -190
827 -910
-642 -695
282 -817
705 313
711 -917
729 402
859 320
-850 366
-697 -385
796 913
-503 -118
611 -489
-731 109
-723 321
-509 561
874 10
470 624
32 572
626 -296
-361 -428
-702 9
690 901
766 554
107 444
672 -411
728 -805
70 435
792 -35
-852 -160
122 184
-721 -672
-179 -310
74 590
219 953
-77 800
673 -614
-739 735
463 845
303 -976
-695 713
662 -653
980 464
-345 290
-137 63
608 625
413 896
233 -986
344 951
-680 850
943 -479
-36 697
-644 688
-453 -597
-38 -664
697 191
-113 586
-950 -666
29 -277
294 812
205 145
-355 -453
-504 996
-342 375
-237 -191
-172 948
509 -996
757 -133
-829 614
792 107
-159 -575
102 936
-97 126
-199 -58
443 -562
119 -33
-878 -59
-861 -704
-616 -450
948 367
131 635
-221 -779
631 331
-741 973
561 -401
-582 -853
-720 -822
-799 329
-134 -187
-902 945
-844 930
844 -449
847 520
-327 821
-67 485
209 -165
-700 992
-945 476
-564 -703
580 -250
414 402
740 -418
-341 419
-572 -799
774 957
-829 965
-702 -286
383 237
-520 949
-536 47
887 304
336 413
-298 209
-981 40
-817 561
79 822
117 -500
-769 956
-154 116
336 584
254 -166
968 381
22 453
-248 -48
-546 -566
624 53
-573 -477
565 -745
751 817
436 -812
-974 -929
901 362
258 218
-334 -544
463 794
355 83
-887 -865
-433 142
-810 -366
933 -891
892 317
-755 -311
-986 -485
-232 711
922 -258
542 169
228 -693
34 462
-818 -423
-541 943
-273 944
-151 -973
208 72
-591 612
902 325
-891 -960
-231 677
349 664
-993 -685
404 383
-153 -306
-111 509
825 633
93 41
614 216
418 -175
640 -865
-588 332
331 -436
-120 -456
941 663
812 -139
-605 783
940 -600
429 49
-171 231
-837 339
-923 -62
918 11
-752 -418
398 494
869 -796
-257 145
-345 -56
824 536
343 209
814 890
716 795
-479 -471
886 178
-195 22
567 -890
-226 -999
-469 -844
496 -677
948 -580
63 348
-295 -373
285 -993
510 895
-153 -442
934 -84
-564 573
-448 -417
72 -738
-255 485
-901 771
-892 230
-173 -833
-630 236
-175 -855
-581 430
-977 -436
-228 788
-882 455
111 -282
415 705
-698 -780
917 602
-817 -396
-199 -827
836 -212
358 -661
201 850
610 779
278 985
-773 -853
-86 843
200 274
-988 -462
-236 498
-976 959
744 762
93 -341
858 505
-275 -688
-484 -120
-246 -29
397 -2
-59 800
695 517
400 -249
728 984
-79 -203
45 299
592 -165
49 -372
-94 -294
-579 910
873 544
915 113
584 839
636 573
-917 -688
605 -717
421 693
-723 -73
563 529
-305 243
-155 923
-511 -357
-502 698
-148 -32
-969 791
-53 419
-466 380
722 995
-595 -509
-615 -627
990 267
979 506
398 -912
-61 883
358 848
-125 -869
-372 -989
-982 -587
-239 664
739 -171
-908 801
292 -935
-883 143
-622 -643
-574 -802
512 -615
-406 670
-114 497
209 357
915 201
709 528
-727 -879
231 -926
-684 746
-899 -732
97 -442
155 1
-212 685
-60 424
251 757
590 -347
-977 186
-902 884
473 38
-985 299
399 -348
407 479
-184 573
-217 -961
-905 668
-174 -634
-667 -530
-265 306
-797 -557
107 99
631 -404
707 -262
982 -531
210 56
750 995
823 351
-133 449
-830 692
-395 767
244 524
-889 -491
-349 -499
994 -232
226 -504
-110 -485
-369 -546
670 -881
-20 114
483 596
141 -244
733 36
-237 575
399 696
753 -709
689 -625
-551 707
235 -64
-464 -321
987 773
-69 -159
971 798
323 -835
-444 -4
-116 -666
-113 298
331 -911
-338 194
463 -640
84 10
-679 681
945 370
-486 623
-576 -231
386 -468
-946 699
-453 872
435 270
-637 -798
-162 -148
368 334
849 540
925 -696
668 337
848 -206
394 666
-734 -3
-355 -863
-853 247
828 -677
-285 -862
943 0
755 454
911 310
52 601
-606 76
-318 601
-111 86
-308 895
168 60
766 -895
256 -972
-750 552
659 502
-509 -355
-361 -109
380 -327
-320 -301
-130 -300
-705 436
-570 832
-305 -880
-262 607
-145 31
896 -562
-915 -601
456 -873
-66 427
-242 -523
-492 416
177 867
-292 528
660 -483
-144 -577
-295 79
575 455
2 -271
-743 240
-965 927
-376 -288
-214 -411
-127 -252
-435 -941
809 559
72 728
-179 -540
-814 223
973 -228
266 989
717 -121
-804 -404
796 178
-673 27
25 826
524 210
-756 -291
-891 -935
-890 -828
311 272
684 -797
804 -948
9 688
335 -800
-291 -983
-16 872
691 -951
648 652
-914 -781
886 -769
857 -489
-675 -721
591 348
-702 -643
-590 -409
-749 417
-818 734
815 578
866 397
856 -974
-769 625
641 -739
459 -502
-498 -710
989 917
627 33
-58 -401
-980 887
307 202
321 -791
179 392
391 -524
631 729
662 925
700 -278
-441 -471
-846 787
674 -124
964 543
-450 -853
-92 -968
-430 154
-405 -882
-805 -522
-661 -556
838 -823
-553 -745
289 160
527 490
-178 945
-232 -835
53 -224
616 270
-901 -970
-748 202
969 -631
542 591
151 -686
818 788
62 994
935 -359
172 -246
269 962
575 -558
369 126
-594 347
-447 -947
-274 696
-887 597
909 436
565 -205
-585 -425
-561 -282
-455 -462
-220 184
-916 337
292 -16
-315 22
-71 -332
550 589
-209 897
-163 -493
-496 961
516 483
-491 991
-718 779
866 357
-196 909
628 975
174 479
669 -171
747 329
871 413
-87 -215
-523 -151
-320 683
-543 -761
731 183
-963 -251
844 115
371 794
-137 -756
-412 -311
-780 -863
582 817
-967 -674
-915 -289
821 -176
-144 971
285 -540
-669 -197
490 -156
-320 -151
727 -796
508 -766
-585 457
659 -906
-102 -256
783 143
-777 889
-270 560
252 283
-436 406
96 286
-870 951
457 -211
-597 -352
972 -116
-485 -656
-850 -142
737 -617
702 689
-730 281
628 -592
862 -719
487 -201
-51 600
-774 -561
244 -230
451 -329
-846 73
295 329
-515 -784
-548 541
666 111
986 -507
-527 492
115 457
436 -272
-41 -973
68 827
21 170
557 149
-619 -221
508 -435
-684 235
-830 -101
650 -998
984 664
-51 -63
-398 -574
905 -181
-538 -7
497 375
-54 734
-897 -101
-412 -151
768 -896
681 16
-742 365
-20 115
147 420
73 -924
-928 -116
-6 -322
931 977
-242 -812
-676 227
977 953
-716 586
-388 -831
-648 505
133 -421
540 -415
110 -856
713 -664
648 -856
212 -306
-212 -270
848 391
-762 73
-700 971
-80 745
-632 -956
579 -571
-531 8
-359 -598
894 181
345 -413
959 647
232 206
-24 -321
81 -463
-415 -630
-301 576
-310 601
416 -563
-357 -674
-231 107
-961 144
528 181
865 452
-350 373
49 -168
186 -617
-441 -759
525 304
570 -650
412 627
643 -168
-447 975
724 -767
33 630
984 -286
-223 -384
-970 734
589 -728
-963 -905
-684 -151
-929 9
107 55
-671 -884
9 -601
680 308
361 209
-295 976
-616 166
-815 -344
-618 -758
429 -259
896 5
927 631
672 -746
-287 -930
-146 -911
-685 -742
929 460
-323 -927
624 763
-856 256
764 744
-294 -589
519 -979
-506 -895
-476 -209
-728 -777
-345 -860
227 828
949 -744
1 968
654 354
-63 -492
157 581
-852 -991
-244 -836
187 730
655 323
-481 -992
230 978
999 71
-294 -542
745 557
-754 531
-606 783
-584 342
542 -531
23 -290
21 301
708 -327
517 824
-672 -915
-502 39
-970 266
-946 976
789 845
-966 -976
-596 -84
48 685
876 503
-459 700
676 5
524 -519
-954 945
98 -697
-179 -430
-310 551
-455 -189
238 -435
-413 833
-484 974
527 -83
-356 -570
424 696
108 -493
-95 728
-640 -932
793 -726
-107 -279
-698 778
-843 -211
-983 374
-698 -296
-850 332
902 141
-474 465
-275 124
167 -801
-131 -892
154 230
-967 25
-627 90
963 20
-685 -356
759 841
748 -132
658 730
189 640
-275 -689
-577 474
-808 -756
-939 495
340 -171
-417 52
-199 18
605 880
898 381
483 -736
-311 -842
674 -261
-182 437
318 448
349 882
-642 -260
172 -943
863 956
31 -252
-579 -596
-7 -67
422 528
481 -161
-785 103
-586 -31
-934 -254
-409 -659
-191 39
272 -584
659 895
485 -821
317 299
403 -749
-662 806
975 263
388 105
279 -928
3 -641
-599 -778
-133 -827
333 -862
774 273
493 390
471 686
-946 29
-44 506
574 338
550 353
166 -425
-875 -59
-153 -847
507 -319
732 -867
182 -785
166 728
56 61
373 863
-244 837
117 417
-292 470
292 -642
536 753
-948 -231
778 -607
-284 -996
245 -429
-582 -817
800 -949
710 -188
-797 57
32 -437
679 -349
-635 -764
-871 -579
332 368
-353 479
806 650
-583 334
-11 976
519 380
-490 859
200 204
-331 -501
-899 -882
920 300
-419 447
338 -971
152 -761
-91 68
223 -538
506 -651
-802 490
-312 856
-870 -846
359 -749
-331 954
-306 -403
-919 -717
-592 -306
525 839
-549 -818
-611 84
-882 549
-661 736
743 640
470 -853
398 890
128 920
-442 143
-200 -332
403 418
747 -903
-504 642
-505 -887
901 26
958 679
-474 492
857 751
14 304
92 -312
-525 -84
-186 -753
-884 -543
789 436
851 -907
987 291
-484 905
-250 -869
-820 295
-426 863
546 44
647 694
-824 -128
-104 -170
972 -519
104 159
-442 -399
594 -764
-992 -888
841 682
282 -245
317 836
-475 -794
987 -73
-500 585
-569 193
657 830
762 -450
674 -326
679 24
-11 -307
-414 -457
-671 -675
-314 616
590 -328
35 -427
875 -366
-382 -850
-235 573
-626 -313
234 779
-208 -107
922 894
228 836
-237 541
410 114
725 -554
-253 129
730 -96
-566 -555
668 -864
163 -276
-213 762
678 247
530 -338
421 778
739 612
-431 -968
-314 10
-704 -95
272 -201
688 362
316 157
-276 403
807 426
-120 -359
-611 411
375 -549
-683 48
679 851
-515 -785
776 -242
-340 319
673 903
-117 -20
647 -421
-540 -861
130 540
32 222
-942 451
748 -470
192 -956
981 860
-614 -862
680 -478
-542 -417
517 -975
-268 383
-395 490
-486 605
415 759
-360 -286
831 -95
-472 -292
-233 755
-91 889
434 -256
699 945
-99 961
-775 883
347 -923
-270 -541
303 632
-963 -384
608 -697
-68 -106
-878 974
-142 767
-911 444
-868 207
-134 -942
776 774
588 -750
-823 -725
138 -774
-806 -948
139 -776
632 26
-180 420
744 371
-936 171
-585 -313
634 847
-291 116
-484 544
-258 517
868 -555
584 -913
-367 -721
-959 -280
-278 152
-40 362
601 714
655 -380
524 794
-35 856
865 639
-603 922
968 -405
-338 -489
432 43
122 784
-242 820
-443 321
211 407
857 287
481 95
278 -10
-473 -388
-597 -725
664 776
-356 -901
-369 719
-325 -875
-257 -606
-417 415
-726 -451
-492 -538
-890 -289
-682 -378
917 -532
-511 -201
180 530
-633 -777
751 710
-637 -352
549 -984
641 -127
983 836
638 -435
567 -302
888 -650
-598 108
-725 -43
571 -903
-269 -583
-665 -269
753 322
-706 44
-593 62
580 732
9 726
24 -79
-675 798
645 -679
268 -338
194 256
-572 507
989 466
-990 399
408 -306
466 -626
351 489
-773 -481
274 -416
341 4
-765 -227
-322 334
739 748
898 -231
670 -357
-458 -431
-505 620
697 -962
77 -618
-305 -992
160 34
-37 -815
41 251
-269 278
-536 140
736 494
-666 -881
-741 -104
-410 -48
189 -877
668 -454
809 248
-512 457
-922 -392
232 557
-326 -984
72 272
-59 58
-163 -88
-286 -817
-824 32
700 -441
-535 -808
304 -782
361 -923
791 242
-554 254
306 832
-89 -623
686 111
-31 -594
397 -343
360 -899
602 -767
-150 774
-71 -388
-868 -142
137 -110
191 -450
-867 995
821 -221
-805 38
-936 -509
-193 -725
-398 136
657 -254
-477 -989
-228 518
-652 -798
-428 571
119 -890
645 -780
591 -824
582 704
986 -184
-701 -771
539 532
-338 773
-645 47
177 -348
-520 584
670 -817
800 286
-85 -291
833 -69
-514 637
-250 142
985 752
-104 -806
547 -299
810 -101
28 737
668 -509
-404 -681
-611 -409
-232 -157
-369 3
-691 -12
729 71
-191 124
157 -459
158 848
-848 -863
-679 -81
791 -691
187 620
-118 362
296 -538
-594 925
91 -211
141 -740
-641 790
-47 -790
-951 -317
-572 934
-352 -716
-854 554
450 915
31 936
-122 -497
-450 698
328 -1
720 -438
847 -793
171 -74
454 488
602 -340
-311 -68
752 -386
292 -109
-376 -755
-163 -951
-396 -764
948 153
-810 -397
-794 99
-155 -380
-350 -668
-201 389
-426 995
-512 -284
769 -407
-608 620
563 -896
-372 613
624 326
-842 -937
-159 750
839 790
-854 525
-263 -30
-253 -31
712 -967
-462 674
743 108
-738 397
818 32
852 -610
-112 -398
-790 -35
-495 279
-22 -990
-52 218
983 -509
709 554
958 -204
148 102
766 246
307 56
816 -152
5 395
197 842
-519 203
-836 -748
479 677
836 -102
-766 -587
-346 567
980 -348
405 -756
-990 -961
481 -666
819 -674
554 -91
-686 -625
-337 49
803 -744
-701 465
-428 557
569 744
405 239
148 145
520 -321
968 79
275 -473
468 11
659 894
491 -197
-787 -461
-43 -542
-702 466
-182 -969
-831 -972
-548 722
515 -898
-251 365
337 -762
-735 399
-509 543
831 823
70 950
604 445
829 -642
-407 -929
-999 415
701 -730
-337 -717
-522 38
780 -911
624 -326
988 422
991 0
-257 467
113 978
889 668
-867 31
150 -313
-734 -526
-696 -767
-179 918
528 -422
-567 655
744 -763
-891 350
398 294
473 176
359 -24
704 -988
163 929
-386 606
525 229
144 -133
-426 728
23 -408
-688 -302
-686 -920
-195 134
517 732
-871 106
809 27
846 490
-838 716
-16 -149
480 -157
-671 756
196 444
-23 -430
-786 674
-711 95
177 498
280 -937
-148 -772
667 -38
953 16
-574 561
-147 -844
653 -121
270 523
-126 -846
183 -522
843 -264
837 619
-152 -842
-774 331
318 509
-502 -230
-629 -238
-371 507
-269 701
-654 951
-376 775
434 881
192 -644
100 -413
-45 -679
651 229
751 97
-383 -530
-888 -240
-783 117
-870 -265
-818 -551
-969 -625
841 570
-268 412
737 -626
-354 523
-680 942
-553 601
600 -858
-787 -942
159 156
634 -539
980 -237
-685 38
914 499
882 941
-421 774
916 699
499 443
-520 52
-145 -372
938 635
-345 -993
124 155
-479 -17
625 131
-659 609
350 -269
-214 -603
-181 76
949 956
-105 -591
-348 841
363 -709
-900 -238
-170 192
17 -721
-512 924
-463 -555
349 -160
813 376
240 900
63 -349
4 -160
-170 -461
-31 423
960 655
752 -407
-841 556
-258 -475
259 512
-102 -987
598 -77
-912 -630
14 -143
877 -78
-883 28
804 -966
255 -964
542 -342
-685 -280
375 -584
-448 -366
247 -444
750 68
880 -620
-488 736
467 665
-343 540
551 -285
-611 -461
-465 -339
658 336
46 -987
216 434
747 109
-582 366
528 -278
-135 600
-409 99
-370 -58
-917 -399
-872 964
167 587
679 -870
980 -269
896 169
-985 494
-691 -178
899 29
400 -553
-394 365
225 968
691 596
746 -965
-687 -607
-447 79
310 -257
62 847
2 646
396 -181
-900 48
185 847
511 716
589 -149
236 -759
614 -6
-865 -428
-300 368
-232 157
386 -273
31 -691
772 585
469 -169
539 -795
290 -859
928 717
-848 230
-727 -587
-984 508
-794 -651
71 674
0 54
-906 -651
659 -396
-265 -493
-496 -410
-446 729
498 -927
-310 341
833 499
249 306
953 -547
-895 612
-646 339
-140 568
-383 -433
429 -186
616 -664
-880 -605
-809 -479
109 -563
965 57
376 -898
841 394
585 -69
9 -588
-842 -303
924 -492
210 -444
32 224
-132 536
-794 96
-583 -459
189 578
374 -29
-319 -356
838 -459
443 895
438 453
315 -776
-450 -374
-108 970
-421 527
411 -10
-633 344
51 -528
713 945
-234 -159
-484 304
432 -579
16 -366
812 -841
-259 717
830 -641
-80 -239
-968 899
-770 -251
958 -325
-222 -876
755 -654
896 56
-933 897
-595 -913
221 129
878 -11
945 373
-90 -698
-89 -384
-682 -695
309 -315
49 352
946 668
-127 786
-561 -242
-173 -970
475 974
92 -219
-680 520
823 -585
-164 -979
703 398
846 -618
468 804
-4 -253
194 -596
-102 595
643 -870
623 306
-963 651
-164 892
765 -559
-479 777
921 -406
971 -453
-328 -470
189 -7
-510 -705
-277 942
-103 994
693 -204
-903 65
-485 67
-242 273
-487 513
250 35
-936 -299
823 415
441 -912
447 779
186 -573
-551 -481
459 732
299 -581
294 487
-2 -194
13 -446
-887 782
-84 -123
-67 669
900 455
-363 -387
-930 757
-326 -548
-88 -345
364 259
627 -550
-663 -787
-993 968
-591 977
-577 229
-147 686
-678 -104
-137 226
-220 -787
-974 -718
-383 -675
34 -125
-294 45
-390 -603
486 122
219 -248
971 -348
634 467
-442 -672
956 328
-714 76
615 177
-665 269
-637 264
-273 -808
-279 164
225 173
-427 520
30 -733
-764 -827
-28 462
924 577
-640 269
-394 -501
-364 -305
356 722
825 -677
12 667
580 584
-338 -424
-537 -442
158 834
778 660
-850 605
-168 -486
839 632
-540 285
683 -30
290 -579
629 597
-891 -752
-663 244
415 -975
462 7
207 -481
-888 32
-661 539
401 -213
344 -357
673 367
879 894
560 810
481 78
180 -346
-90 452
490 676
285 -397
501 822
-519 -427
-558 165
323 -538
-401 -783
-752 211
97 156
530 935
458 589
-346 674
756 -920
536 679
911 901
-23 628
587 866
967 299
660 -95
-751 756
-49 -898
175 320
917 -372
777 604
272 -60
-641 -876
-499 671
247 705
-760 -149
-253 -623
172 190
-719 -930
148 -6
999 941
673 -450
-914 368
429 915
-165 646
-706 -527
-261 441
821 96
923 -537
-368 127
234 52
-108 941
700 -431
-497 -485
113 267
302 94
875 -260
-768 527
377 205
-499 903
574 103
898 714
-703 178
-445 639
-19 731
-520 31
675 30
-242 -384
929 -258
737 -607
-928 404
-530 -964
-679 474
-1000 836
-270 -28
906 121
462 -975
-880 -497
60 -740
334 -377
-802 842
-706 -633
-50 -430
490 -870
553 -647
-894 199
417 -275
-782 453
-878 527
-353 272
-992 -776
-897 -132
-694 222
-641 -674
-384 -548
146 35
628 778
321 -360
322 -114
-763 -982
299 717
-824 779
-956 391
-937 204
135 256
653 192
-921 593
252 21
312 790
310 -12
-969 -22
-404 -984
654 -287
-681 89
91 -722
385 683
-493 -872
779 -489
876 165
-188 -378
-870 -320
-262 -114
153 836
-78 -363
817 -279
162 96
708 504
388 -412
53 -616
-90 189
217 583
-72 -219
-844 -976
-630 328
-745 51
-519 752
-526 -609
-427 -601
-667 -826
482 -237
826 -454
-175 644
-392 -713
-386 815
-92 989
272 -262
243 302
750 669
-499 -951
719 -241
948 -228
473 41
-859 -754
195 409
-842 811
-274 -35
-984 -656
663 184
61 -358
909 -297
-963 -882
162 -503
669 -12
-267 -6
680 -383
-373 386
325 553
519 394
518 -37
-910 -323
-5 -40
-970 962
-602 -882
-210 -530
-814 -450
13 -767
-974 -210
587 419
136 -256
66 -404
-768 289
-279 -560
0 643
-589 202
-149 738
-712 -637
921 982
-967 4
60 467
-51 42
-584 -144
387 247
720 876
-461 877
783 -237
-117 447
-459 540
222 -495
-390 149
874 247
-687 435
294 243
-245 801
-419 -190
-130 612
-773 -953
65 -394
654 -424
-392 -712
206 -43
177 690
619 25
-640 -754
-572 -403
998 -21
-584 -98
-431 -508
-442 -529
888 110
-492 -747
-789 739
-797 -961
-287 885
-530 -483
-241 -301
232 650
-660 454
-228 -700
685 255
-984 14
-716 85
-259 -455
31 -148
846 -168
-707 -999
55 193
-30 -53
795 -764
-186 -762
-803 -576
594 -632
-934 781
-441 -709
-770 621
-458 896
896 595
-810 498
520 -689
227 -162
309 85
-569 39
209 615
-26 179
-521 118
864 951
183 -338
-295 282
-904 -261
-759 796
733 -909
637 -310
-146 -24
764 588
578 592
169 -921
3 46
749 -202
641 260
165 548
-158 -405
-471 -734
-309 721
64 -569
-392 -19
-946 501
-375 113
671 -58
-80 -282
288 3
399 -860
671 -45
-839 -663
216 281
961 -421
-453 886
919 -247
-153 787
-722 -565
537 -269
372 872
866 533
738 -363
221 -824
-506 660
-735 -825
341 -744
-937 -700
82 -792
784 606
980 427
807 264
459 -919
-877 -930
673 -580
977 222
-307 549
-859 -675
368 701
-602 -420
-860 56
288 196
906 368
-730 890
968 -741
-734 -308
240 403
-553 -141
300 506
516 -250
-270 -164
-731 -865
-517 -174
-117 -106
480 158
443 -782
-231 -720
53 601
888 601
129 -695
-327 717
-348 -106
514 180
683 122
-160 -297
295 -247
734 -195
655 -410
-699 210
628 286
-922 9
-822 700
-654 -891
573 -679
-112 639
-420 -304
-202 491
263 998
-19 -270
657 546
8 -450
-936 709
840 -13
991 838
-935 767
-245 -293
-493 854
26 -47
-619 -973
-84 -224
-350 940
-42 -611
866 359
-163 932
-15 -138
976 -245
-351 -773
289 274
936 -94
458 -513
774 -998
360 -927
34 -834
941 929
-212 681
-219 -860
-616 -663
647 -374
-403 -933
977 -464
217 -540
-943 -39
670 -436
-142 94
-839 -100
-611 -825
761 499
260 -80
835 -73
996 640
41 -293
-334 1000
450 811
262 938
-892 -333
-620 -270
-574 595
-31 887
586 947
460 126
247 -832
-373 901
-742 -432
-787 -484
-418 324
271 -308
120 -617
712 -917
-40 431
-297 220
161 -974
-950 629
-473 -963
502 505
991 -409
-604 518
22 -764
817 705
-566 353
456 573
273 -622
-751 739
689 -331
550 -724
-845 149
9 -527
-924 234
-540 522
-697 -813
-419 155
-52 507
732 973
927 -348
666 -414
487 -268
286 -817
-615 304
243 193
916 -692
894 -157
552 887
-489 226
-230 -684
12 932
885 -346
181 -629
-513 60
387 -549
-125 976
-809 -554
-833 -760
-82 480
917 933
-594 -94
-838 780
991 390
-743 815
-49 -786
-146 974
399 -574
821 -393
-223 655
-260 -430
-918 -284
511 -735
889 -279
761 251
-417 747
-76 339
738 985
-851 -902
861 -71
682 633
-573 -910
482 -142
-903 -907
-31 556
494 650
-817 -690
858 -663
-536 854
-245 727
-539 -803
-707 825
788 292
-269 254
-40 31
-513 -724
51 679
-648 -44
331 776
-46 771
-176 -531
152 829
-238 540
47 766
165 -805
-58 -72
-179 172
-190 -902
-836 -495
-805 -214
466 514
760 -352
-64 -351
-890 -735
-155 558
-254 -934
428 -314
124 582
-6 -152
43 -214
-395 582
-93 47
104 -990
-433 908
293 834
23 -713
-113 625
-597 -830
-798 587
-665 573
799 766
252 -401
-584 839
913 70
143 -331
228 820
-575 -193
606 -117
-976 919
-247 212
824 -405
86 681
861 -598
877 724
-389 159
847 215
-47 614
565 928
-144 899
725 -508
965 543
872 741
436 -32
221 317
-441 773
430 797
-256 542
-862 675
-204 -294
-352 -299
-542 -881
853 638
-774 -24
-339 158
-52 -612
-275 120
856 132
837 -684
429 758
249 835
423 -666
768 658
-879 -580
-413 -8
265 -733
-385 -438
-836 -723
290 779
33 303
-368 -969
-863 -957
-312 -890
837 331
-792 189
-271 -81
-587 784
41 55
-194 590
-876 606
573 -525
-17 -656
858 653
409 463
-30 -16
403 -724
880 371
837 993
-39 295
-879 137
570 57
524 -223
-228 952
-639 772
872 864
919 817
-137 427
876 -977
-164 604
620 -118
-624 -538
364 630
-496 794
506 742
-123 -763
-613 310
603 170
242 793
-268 -555
-110 -739
-191 -327
-302 576
129 515
808 -962
773 -424
-253 56
429 164
166 714
391 485
424 -883
571 937
12 -993
-919 -844
-761 -85
983 -318
-909 -424
-67 -531
110 -590
-785 -311
-404 -421
-685 -19
674 -960
-788 -15
-498 350
444 337
766 158
-809 -652
-910 681
691 420
-772 292
-365 -632
176 584
-143 393
-795 -368
760 577
-600 -54
228 -282
443 -197
-271 742
755 675
-295 389
999 972
252 483
49 -593
997 -708
-554 -115
-313 -847
238 -140
455 975
-590 -278
-588 903
-84 361
-218 -515
732 449
22 730
-478 613
122 561
996 -8
897 -15
-457 -168
399 -540
-353 -404
-465 -164
-61 -755
-892 588
886 -463
157 -275
-859 380
-542 -414
761 -492
64 371
809 239
842 220
969 453
812 -349
-203 654
-580 -842
867 189
-789 828
-610 104
-79 -606
843 162
-916 397
323 -856
-586 184
439 200
407 136
336 785
-898 970
525 -963
684 868
209 -587
394 195
-228 167
856 508
776 -973
61 -568
-338 790
-918 -223
-93 -729
781 -951
-912 -574
560 695
23 896
-835 62
-703 -792
-744 568
102 402
-678 -337
-698 816
312 -373
-111 -843
274 68
-174 824
-801 865
160 -201
575 -332
-177 110
546 220
-437 752
139 359
-378 -595
677 796
-946 -461
99 -625
-837 766
-749 -268
59 292
-755 -955
-968 28
-470 584
201 12
-386 -923
33 148
-762 -940
899 -543
-648 -820
-223 -194
-48 -540
-893 -608
188 671
253 268
-730 -686
381 736
-810 -736
-903 -860
-54 544
464 -661
-323 954
681 837
-173 -202
-929 -245
-526 -301
887 -799
-243 266
610 626
849 -163
-315 482
-864 333
-272 287
397 942
-444 425
-565 -336
934 250
75 905
-655 -843
59 -864
723 577
-860 -323
-893 569
-679 -152
696 600
-332 -399
-432 -975
408 243
489 -687
256 -267
-893 581
792 651
469 470
517 -544
-527 541
640 739
815 -736
387 -111
25 422
840 -339
-544 -146
708 129
913 -452
-271 648
-741 856
98 -190
731 637
-347 344
-480 -586
-852 385
-1000 949
599 576
-936 425
444 109
-299 -788
-518 631
372 767
-418 -780
-190 -517
774 -985
-886 -366
719 915
32 -140
179 -36
-240 -143
163 -819
-966 231
-310 -975
-435 358
-585 366
16 -141
-6 -971
59 440
-780 474
575 -959
165 -292
439 -698
976 595
-649 -783
-82 332
94 -497
765 -442
200 923
789 -516
850 -883
701 -459
-814 -100
-701 7
357 772
-158 203
565 530
345 -590
-799 -831
150 -662
40 -130
401 -562
-140 571
-116 764
664 -449
-925 -702
315 510
-723 591
-703 116
539 -313
-435 436
267 361
263 581
133 -767
538 -459
917 -672
358 -204
640 -755
257 -591
-674 284
777 845
-819 -89
954 731
-208 681
-27 446
406 -374
106 -712
706 -239
887 155
207 332
692 -708
-664 561
-167 238
547 -719
810 -636
-261 928
-294 571
848 -23
518 -35
906 612
-868 -370
313 -616
-393 354
401 -888
418 488
907 -236
165 -468
-786 -503
-930 -506
331 -512
-744 41
-831 422
286 78
-384 -53
580 -604
536 981
-42 44
166 -93
-836 -65
282 815
-744 260
-658 -103
-80 -812
-574 406
786 912
866 84
293 570
-13 -612
172 -865
667 84
-529 649
844 -838
-327 -970
-758 -263
-246 964
-705 107
349 165
799 -178
879 334
-191 829
-770 332
231 46
944 316
785 539
379 386
-815 833
-167 997
-799 -709
615 469
76 -644
-776 -504
612 -971
-101 386
730 123
-336 43
629 626
-645 521
963 -712
634 155
-956 -639
-921 222
523 -14
-557 -889
426 625
292 -834
-352 -521
-41 -524
785 175
-29 -633
-103 -558
-97 -134
-318 -171
-3 -352
92 776
-283 636
748 701
882 62
381 -231
520 711
482 -420
246 942
-910 -716
-824 -584
758 824
-61 -364
-163 -923
-806 846
-830 98
-687 -706
-584 828
-93 -924
-854 636
-828 -929
975 950
131 427
-345 -36
-251 -313
-256 -59
-679 -526
-883 444
146 583
320 -604
-66 972
370 973
749 -473
63 473
558 542
-450 690
928 511
-135 -4
-842 -69
38 -915
158 -900
-951 972
926 -87
-865 356
-638 637
865 513
299 701
-403 660
-880 983
-755 772
-864 344
-765 42
-669 775
244 -53
-8 -60
-463 315
611 -243
-143 -527
72 -800
922 -536
955 96
218 571
63 -27
-733 957
161 776
621 109
510 91
-672 740
-876 614
-116 552
-703 828
-715 -13
671 540
-944 -12
-248 35
-240 370
487 -751
948 752
-473 -376
-692 -410
-625 675
994 796
44 -622
873 251
69 299
150 377
-432 382
640 -137
-500 -699
293 -778
985 51
176 -658
-108 824
845 355
233 848
740 70
436 -767
375 313
478 -154
621 -731
551 -690
740 626
-605 268
-246 -931
939 241
150 771
-772 -996
829 -196
683 -142
85 156
425 982
-212 951
724 507
-326 564
459 307
-163 -248
-419 84
461 273
801 -698
366 274
950 -493
607 716
880 324
407 144
24 37
249 751
799 -770
794 -485
31 214
817 436
18 -956
134 11
-544 868
-326 -392
690 -401
-95 907
828 560
-840 1000
-11 166
993 -967
-960 -229
-498 -370
-693 850
61 898
497 816
-437 -737
925 -903
-165 -403
-900 744
90 646
557 -150
658 -694
-269 79
-623 -515
475 -398
818 -686
935 661
-836 -289
748 44
443 947
642 606
-845 -576
-884 -740
200 -83
-306 -537
-505 -932
151 706
-690 -534
-64 -676
867 456
634 -432
441 -134
-592 727
-55 155
-73 792
-267 328
273 75
-487 933
-792 208
370 890
835 883
924 -259
583 986
633 293
585 -266
-373 -399
-573 -44
527 927
299 341
632 872
-318 515
-253 -37
11 -36
103 -152
282 908
135 14
-276 -876
-621 -922
-109 117
166 -311
-878 -383
445 -983
-407 694
-363 82
33 -31
-40 -202
-340 -883
940 -90
-57 -612
-561 -172
0 498
-626 -743
60 -191
-837 -101
353 -269
327 497
-694 593
965 248
146 -450
-395 826
481 956
-204 -376
234 -981
779 713
349 -692
412 382
-794 -531
-719 154
465 -334
-137 923
-789 965
832 -55
-607 544
875 -191
-667 -850
-13 -626
-419 438
561 -462
-963 880
-371 446
-414 668
450 278
492 -8
-454 742
263 254
-699 320
-786 817
-197 -796
-112 -880
488 987
-732 -477
257 -169
-17 586
-755 890
478 229
124 894
-987 -230
-753 568
168 340
180 -178
-712 -936
-196 -67
-243 103
-608 1
-931 -100
200 360
-683 -250
-931 728
-461 950
541 -122
821 814
214 102
277 7
-960 -560
-145 585
584 875
893 195
939 -241
-112 -502
492 -862
-288 -368
402 165
341 -61
763 382
-768 -511
727 -282
107 295
-553 -138
783 276
-238 -859
439 732
-122 -501
-49 746
844 703
450 841
566 535
-561 518
-239 -841
-252 430
-226 -130
-122 -268
-709 80
-284 -543
450 923
731 -796
-420 314
-979 -859
443 -350
357 693
-655 469
-737 -898
778 -823
-115 -537
844 -634
-728 558
35 -74
-988 288
-713 12
-741 998
923 -195
-705 657
-830 -268
-549 -926
-876 -129
19 -40
282 -463
835 -926
398 -494
-876 936
253 -678
-164 -779
461 153
-22 -938
-856 167
-125 418
-989 466
650 -184
-674 -980
121 -130
-618 -348
534 393
-223 285
306 406
36 -61
965 481
758 987
-561 679
271 -499
-97 -276
-174 -604
458 603
-622 252
-573 450
26 -964
-813 814
-949 -642
886 -698
-521 -706
874 -972
-343 -820
486 -256
550 -810
-253 -820
-981 -486
401 -93
777 -892
376 843
399 940
559 230
832 324
35 658
-80 746
-131 921
163 414
-482 -37
-846 900
-393 -174
-456 -594
674 932
-471 -916
-319 -688
-863 -203
524 132
437 527
813 237
219 -76
-231 -723
-36 171
400 -455
-679 110
-385 173
-988 -2
307 273
139 751
181 -744
611 646
-103 -752
820 -218
917 138
107 -334
-88 186
-671 513
479 -658
920 845
-930 -161
679 -197
-74 -619
813 -972
-948 755
-825 865
-98 -557
-246 -317
-919 -689
-280 -300
717 343
688 432
-806 -226
-722 992
707 -644
488 -208
753 933
-580 -589
-587 -706
895 883
289 -176
-580 -606
296 670
-447 567
-67 724
736 -792
-941 990
20 846
133 -379
619 -117
-250 -731
470 -791
-135 46
379 102
75 214
-180 312
89 497
-7 684
115 -22
509 401
-277 -612
-239 351
-701 326
981 -902
933 464
311 626
-858 934
-929 315
750 244
-48 -615
-767 -901
57 182
-400 593
-826 401
-502 564
649 303
233 -491
-539 -632
116 880
-842 190
145 86
370 803
-92 132
-6 498
338 295
-665 92
-776 -424
-336 -99
-382 232
-568 -572
-571 453
579 -618
-918 -730
858 -813
-125 -54
181 955
-446 -512
657 182
-477 -864
506 -131
-659 991
-986 818
-258 183
578 146
-982 -871
565 -565
-442 507
-237 633
732 757
-899 -740
-955 -556
884 -472
-733 274
-60 -202
494 -139
290 234
220 -63
-797 489
-577 -187
200 -875
-503 -841
603 -21
-194 -603
629 162
-832 739
363 -796
600 338
60 533
-981 725
-22 -349
-179 -570
-552 -969
880 482
379 631
-955 -266
888 -409
-206 -955
308 -258
605 -194
-135 -952
101 699
163 17
321 -115
-82 -832
856 105
39 -765
-748 925
-997 375
763 -331
-45 -229
-859 -639
243 -393
302 -852
291 635
-338 157
181 -119
-636 -151
-958 -873
-617 902
-253 818
357 893
623 -641
-818 663
980 646
736 694
549 -217
-920 305
826 554
-566 -187
-76 501
108 -746
-586 -981
-664 -913
725 -532
-203 439
-425 -656
392 -187
-639 816
273 338
-636 -380
-555 -833
-83 -291
-23 -367
404 -446
-861 -725
577 696
784 587
-811 -624
530 490
-880 614
-914 -970
-898 244
-81 921
296 -532
-756 -843
174 405
644 457
659 -18
448 -262
-418 -861
-229 -520
844 -148
413 -779
431 449
381 541
700 418
565 808
143 -585
-580 -177
-265 -21
687 511
144 -859
842 733
-680 368
-614 -894
-956 -402
-926 -422
-595 -372
-429 -864
-721 685
377 -68
-813 -848
477 335
-578 771
985 -125
-97 -262
-907 -564
-208 -41
-21 -783
-544 980
-775 716
-325 781
612 -81
913 -902
584 -938
479 -667
-419 -800
-170 -714
798 184
157 161
-467 952
225 569
790 950
-911 402
72 -840
-182 810
42 -326
-182 -61
-979 -397
-518 710
-935 -221
-871 857
-560 -486
-53 663
-816 934
628 -69
331 -111
367 -910
-327 209
776 -781
279 352
687 -212
452 601
-625 -291
568 -670
78 454
587 689
769 180
-711 -800
-351 -225
19 21
-963 32
605 956
207 -694
-168 -568
920 -707
653 274
-932 -734
752 171
327 130
-740 -724
767 260
-732 440
-22 72
985 877
387 -655
-477 249
-886 -466
826 -562
-266 766
-838 -567
195 310
627 696
-678 710
-196 417
-617 164
791 164
-60 -695
673 -159
178 719
-371 228
724 -208
496 -267
617 -155
-28 967
-598 289
123 51
-987 -551
-184 577
-495 -83
24 -264
-532 607
-800 -978
-951 673
259 930
-311 83
399 -706
-328 -322
-355 287
976 333
-821 -616
581 173
922 426
-657 -171
937 548
653 -500
389 146
181 264
-557 737
469 -187
-246 -647
272 721
-701 -913
-122 -596
150 251
-185 -339
-784 -400
650 -249
-990 -374
-556 -552
672 -192
-37 -223
299 -985
-82 663
538 408
612 -505
501 156
-799 -169
311 159
-326 -335
236 116
-110 5
871 -865
593 110
410 -78
823 85
297 87
214 -532
857 -380
-372 -171
655 -167
-80 -995
995 989
920 -892
99 -925
-191 940
590 -385
-20 307
991 734
298 -928
307 302
-191 748
291 -308
-967 -689
-721 -807
-276 -742
-662 492
-834 303
-70 -933
-269 -603
-821 -350
574 -3
759 603
-963 665
-689 713
-113 898
-11 -350
-441 -705
-753 721
-83 -977
-286 137
-756 -910
615 548
-517 -674
162 -750
17 499
-844 866
5 103
229 -459
259 209
-793 58
-643 44
-865 972
-925 171
389 515
-51 -593
-97 -22
-738 939
-496 -625
215 717
-198 -688
-85 907
-395 996
-239 -188
125 337
588 -314
416 -418
-680 329
-616 945
379 -104
657 -935
121 -379
-352 150
273 477
629 -439
228 -531
86 465
239 929
871 114
-826 -742
-589 26
-351 -686
-27 646
481 -62
-664 -11
6 457
174 104
-138 258
992 538
-896 827
-611 991
353 246
204 970
174 422
-756 -179
688 -960
699 -849
311 -620
-577 274
378 305
908 -228
159 -862
535 731
794 713
-632 106
-217 814
864 -123
-328 -575
-340 253
590 -977
-540 -973
-129 -938
-719 901
396 -347
975 -707
594 -720
291 -177
-297 701
-431 175
876 -277
-790 -844
-560 -403
22 444
5 358
988 885
106 -301
759 -31
355 -899
280 385
436 -663
656 -330
743 412
-324 -977
-559 -430
770 555
-710 -480
-752 -408
-559 -261
155 -111
-453 265
-834 -148
-823 784
771 633
842 9
884 -92
528 96
942 89
16 -128
-139 -332
71 -481
-523 3
-535 959
355 -165
-686 -16
707 805
430 -956
368 954
660 26
-512 866
99 -240
-141 -362
743 717
-7 -251
-551 390
370 98
-717 -641
-187 -958
-342 945
-632 -152
747 964
505 112
-603 -514
140 814
578 -413
-423 -306
-207 585
689 -75
-496 -465
-652 -574
800 848
81 -671
-56 -997
-240 -345
-785 -54
-264 -816
317 -78
222 906
-969 -364
519 -302
-661 820
828 -446
114 -783
-411 265
118 -807
721 -241
-303 -446
-793 -690
470 52
-709 -496
-106 65
-208 -533
952 -35
-570 -175
-621 836
14 543
-679 -179
374 756
-993 -12
-771 -629
-95 710
-249 -638
443 764
-365 -729
-409 723
488 -778
-283 -599
780 926
-385 112
288 583
87 759
-310 884
868 -138
876 967
150 -516
738 17
-542 -771
533 527
-946 660
-647 49
-499 -21
331 -829
283 783
-950 -521
-325 321
552 470
680 -706
852 -202
839 171
103 -482
27 335
815 444
668 -444
685 -693
140 819
-691 -695
-675 -609
892 69
-105 812
-386 228
-754 458
855 700
-30 -353
-214 -563
-253 510
-992 629
632 751
-587 -453
-63 498
151 -240
-927 -846
-467 -708
-829 -495
-186 771
-977 -733
-946 55
401 459
917 -370
673 -821
629 124
-802 -795
-749 670
83 -772
377 539
137 762
-25 -618
-683 348
-679 968
-642 -481
-629 -609
169 -254
-356 327
-817 -866
-560 -936
-873 -944
-870 -484
-816 -999
-929 49
-714 -81
-388 -604
376 -546
-483 128
312 8
975 326
-956 -724
-984 -778
-396 218
668 -513
-871 830
-766 445
159 73
840 -546
767 -509
673 593
-414 254
723 818
900 -44
179 781
476 549
-118 -565
-647 -544
-120 -740
-754 -713
348 -350
-676 -804
734 687
-89 -20
913 990
-94 -836
-629 770
-934 -718
-638 613
-449 -953
-164 -319
-136 800
-653 -170
-603 985
-260 -569
-91 -737
156 119
807 387
178 259
-445 -339
-239 123
-914 479
327 97
933 -845
-431 -29
868 549
982 702
310 252
275 703
536 658
9 83
885 63
43 335
374 264
908 809
-420 -722
-284 292
906 124
409 -916
40 665
425 296
934 226
-357 838
-577 -64
781 -846
-52 -889
-81 993
-711 169
744 -997
224 -732
942 40
493 -946
-185 579
788 -325
-28 -199
584 -52
565 908
-743 -565
512 488
29 -501
279 40
-733 -755
-980 970
382 195
446 790
-357 -246
-913 -838
-174 -420
-73 126
59 -365
283 108
785 -70
633 -105
-749 -157
-626 585
-146 -850
-659 -250
-384 -790
65 665
261 198
-77 174
704 -549
283 593
172 -754
-972 -490
738 366
892 -691
236 -613
-811 -260
818 -225
706 558
-702 931
-99 -701
757 108
-632 545
-513 -834
-575 350
-475 -152
-17 577
382 526
-857 227
18 -940
-142 938
-456 -797
234 -234
-292 769
-247 359
500 -8
-959 -332
-274 -183
751 -36
613 44
552 83
155 47
296 -458
649 54
-290 805
859 -368
-228 168
825 37
423 -955
290 -235
-831 344
915 80
-333 -730
441 -689
-524 874
812 722
632 -719
-10 2
560 128
-427 -614
-320 -826
-237 217
-634 954
657 -348
447 245
-86 193
-889 247
348 830
-502 -221
257 -872
-191 531
-967 -309
-750 -10
893 132
-20 882
658 -918
-551 -670
649 -197
85 -743
736 118
395 -375
4 -407
-931 -110
240 835
998 878
623 -310
679 -826
666 -984
245 882
-449 323
309 409
-379 -277
-63 -509
72 -807
772 327
-151 -896
-676 989
-635 -88
-347 224
154 -802
-67 387
625 -242
119 -709
-647 -470
-78 -696
-486 -892
-230 -693
187 500
880 -208
-616 -692
56 209
167 202
923 335
-288 821
643 18
-873 13
-631 990
786 -783
991 633
-834 -636
805 726
-223 -645
-439 918
243 60
342 -858
668 -399
250 -794
-740 677
-820 172
-380 -82
-484 -99
-28 -925
-515 -650
-701 912
15 55
990 722
-981 -806
-136 -300
-576 -243
641 -151
431 -243
435 303
130 585
-732 -642
-406 -700
871 193
-819 -65
-504 891
670 -46
243 -331
-974 -541
-553 442
-71 875
531 71
310 445
981 824
-853 -589
-496 998
-36 -428
660 666
214 838
52 -927
-635 -890
-352 -716
59 -969
186 215
-163 -655
-883 -514
-289 -837
-618 499
-919 -903
899 -667
-583 -942
-51 -521
153 -933
875 -559
-386 293
523 292
-481 -372
-808 -384
773 -468
-386 929
-599 378
-88 886
-533 578
734 -385
-286 244
-605 -922
113 291
-720 309
-911 -18
-935 -525
-534 -239
935 668
544 -561
-614 -487
186 -573
940 -827
638 -215
-304 -692
-872 776
-778 -657
-308 779
-805 899
538 57
-564 -359
471 -14
-103 649
-806 -141
-609 -698
-785 811
-744 791
998 982
846 -172
-807 -315
-636 -453
634 -516
-370 810
-774 657
-683 -242
-370 261
976 -444
-772 327
540 6
-17 809
793 -972
846 372
-280 110
-819 -544
-615 278
-286 820
-656 843
-604 793
411 938
-954 -806
-27 -186
-617 274
694 -651
-791 -150
-238 321
-622 33
453 949
912 216
-289 -931
330 -652
933 -254
777 313
519 -65
474 916
940 -836
201 -393
-148 -648
600 685
181 546
-244 -92
631 -249
-250 -747
856 -527
-327 -944
219 -957
760 -904
298 645
80 332
963 -261
417 -92
-892 -43
-153 566
140 490
-853 987
-457 6
128 550
-946 765
-803 903
-698 217
-837 -118
-364 -311
-487 771
-242 508
-747 -897
-718 -347
322 74
135 567
-676 575
-220 -362
-470 -289
-656 548
204 -905
539 819
835 -745
661 887
337 -434
729 -448
-818 -985
982 -486
-577 937
-254 -504
-679 -885
358 390
514 -925
959 989
-556 -900
798 123
877 -780
327 351
360 792
-362 -537
-451 -217
892 -315
371 438
-376 154
-402 546
628 441
7 -781
-470 -422
767 669
-630 763
-260 -333
-762 -383
-969 750
135 301
743 -377
-563 -168
-45 -663
-897 939
389 -286
87 -383
-125 254
-598 465
-537 561
-607 -509
442 -886
-227 927
106 970
-424 -318
-167 -770
449 -598
157 -395
-777 -370
-180 794
-782 42
984 476
913 -322
854 -375
684 -304
301 -9
484 -263
-80 577
-179 -736
209 -921
790 -12
331 96
504 580
654 -359
-489 -913
969 -899
811 280
807 -505
543 631
846 553
531 94
-384 690
-374 -38
-441 -371
-391 482
426 602
317 149
1 -381
-222 237
-969 -652
-819 331
-907 -681
-344 -813
994 -889
-582 -803
-197 -882
323 -325
661 477
-380 256
-812 -894
-562 -781
84 -32
818 -428
-877 -508
891 -229
86 -837
-934 817
917 229
156 -714
454 618
643 718
-225 -73
317 -4
65 999
-666 746
-82 -956
156 -535
-621 52
-329 -795
-948 -809
-233 -437
-323 922
-674 -111
-682 277
475 319
-793 -197
491 -911
-740 -226
52 633
-360 778
-254 -398
935 -848
107 -789
853 874
116 199
-505 -796
-618 304
896 563
474 385
245 879
468 -368
-715 42
-324 147
-57 151
-493 929
-217 -253
-543 705
654 506
-271 -36
-41 -480
-889 284
-20 -38
730 -303
143 544
-731 -406
-775 615
727 -364
-686 521
-481 -340
-166 -376
858 -352
-255 -706
773 158
-631 -668
62 868
159 -396
557 -271
862 -262
441 -353
-308 281
416 -283
401 -644
139 761
-167 600
381 -537
-466 -571
-197 -311
-174 604
320 -397
-100 144
-39 341
487 -364
-575 816
-102 -510
919 -530
470 -453
-440 -517
554 965
-347 -504
-968 -565
101 678
-811 167
364 -621
-411 -482
213 -264
909 421
-151 -990
-47 -956
-126 -427
209 -508
632 -150
260 -667
474 -946
627 -179
508 -275
633 303
615 -277
203 931
-130 -719
-607 -858
-756 839
-162 -115
576 845
701 573
-880 585
-104 -345
670 387
-674 -415
-938 -349
81 954
392 -845
-639 762
-546 556
-975 -91
-851 729
-615 445
-74 873
-291 771
-107 38
-596 236
-752 93
-672 -884
519 -114
-704 86
621 39
583 -119
-840 -277
413 734
717 828
899 -690
-240 755
-591 -394
-701 380
-858 601
214 114
-952 -7
72 -277
595 -117
-159 717
-923 997
777 203
168 -31
-917 -228
-743 -542
-261 942
-919 780
-733 772
658 -961
-242 514
-546 -368
-59 122
356 -127
342 750
255 281
-131 -753
-535 -222
730 -788
-984 -591
-38 890
-287 -188
-994 165
74 -301
188 988
-102 631
288 112
126 -845
259 -489
538 -154
-708 -997
-127 -951
-343 -960
-725 -541
-516 -366
665 261
721 312
-237 -148
-65 745
-904 -769
-391 -960
-521 -350
-347 -973
-354 -964
124 -111
443 162
-404 -560
-64 27
805 131
-652 298
997 -72
909 817
718 221
-946 520
-599 893
-172 -868
-14 -960
444 -538
-469 -383
-957 453
-870 585
663 -234
-933 908
284 -396
-142 632
379 25
-390 -603
-469 148
839 -716
-903 901
-793 -883
-635 0
-100 -265
-64 367
-896 295
596 447
79 673
304 -235
-705 381
-247 7
-840 217
-195 -845
-966 249
-426 986
912 217
95 -208
496 753
-251 -918
635 -6
-460 243
221 -972
670 -856
-411 350
-536 -465
-137 973
-679 804
901 843
790 -101
224 -881
-490 911
-248 -174
-566 718
151 542
-791 978
-904 967
683 343
-919 -433
238 657
-939 146
-214 -882
115 -823
-822 -955
222 -429
129 272
-559 598
-988 887
-934 -915
664 252
-113 526
936 -870
526 -629
130 -316
-208 315
474 -748
-591 595
997 161
-845 814
-848 -43
-516 -459
-130 -522
723 -428
833 -213
-289 156
417 -945
850 -442
302 -336
-262 575
-724 268
626 163
-332 442
-122 -246
-190 596
894 654
478 -47
-441 828
-286 399
-177 -184
-354 -932
190 114
118 97
-42 -85
369 -52
759 -521
-835 -984
316 87
-275 107
-77 329
-428 6
-277 -571
-815 781
-214 -761
517 358
-586 947
428 -19
-55 -375
-83 841
839 226
-770 482
957 -782
-846 -208
-746 -720
-396 -424
-418 849
770 -493
328 -792
-411 766
470 -742
195 -195
-281 324
985 397
826 823
368 68
-433 -61
-82 86
-900 -995
472 677
-654 -718
-690 411
-698 -401
117 -4
62 -952
570 -460
901 245
162 -618
-537 884
281 543
-689 331
-473 -105
740 139
20 -330
742 -857
-944 -974
268 -455
446 833
-218 -490
-512 604
109 -961
-420 441
-374 802
206 -77
5 807
-985 -670
-16 846
-138 -763
-359 -554
-85 -147
816 85
-852 818
-982 -88
267 857
-324 230
-957 -807
928 181
185 -150
455 -245
880 -578
404 -185
-392 396
-520 785
-704 578
36 78
-321 -263
422 -220
428 -807
-159 313
165 994
-301 -135
-404 966
656 899
52 -558
662 197
382 -733
72 -241
288 655
-771 -182
820 755
-208 -766
12 -561
335 858
-236 337
263 -627
-524 -467
792 357
145 -771
6 518
781 -505
-919 168
-77 678
-785 60
-686 -663
-720 -617
-354 735
-360 -481
357 124
202 129
-295 673
-964 -156
-869 647
-260 85
697 408
-608 -398
246 -328
-263 172
326 -577
-746 129
279 -327
-912 -466
983 -687
838 -381
-465 139
885 -76
519 -716
-290 39
497 987
387 -766
-321 450
-163 379
-937 -988
-938 -199
258 -891
-339 664
705 -379
-634 793
314 805
812 -431
772 -556
-448 866
-957 -877
49 783
756 310
25 -25
-176 -625
-148 726
317 168
-44 101
250 188
-161 144
466 50
-936 -323
371 569
113 742
-247 -180
90 -819
289 -663
-498 392
242 974
216 728
682 239
-603 901
-300 743
950 607
-489 -801
-384 895
-420 745
-400 -968
-422 875
642 432
899 -948
-877 786
791 81
468 -389
-720 897
109 -731
812 129
436 745
-577 -521
388 -530
-296 124
513 798
774 887
624 262
-316 -390
471 76
-125 146
637 -309
-774 550
231 -963
799 -691
-986 614
241 -500
508 -792
830 -133
-759 936
-622 952
222 149
-511 -965
-803 -511
508 -982
-988 516
-72 612
616 979
198 530
222 972
-582 522
-782 613
-35 -349
881 127
192 944
-245 598
-360 715
-147 405
294 -298
260 985
-738 -610
-590 691
532 494
-650 -987
226 -50
336 -229
-711 398
-664 -78
-865 -5
341 -993
383 119
267 665
-549 312
573 284
802 -657
-194 63
178 -860
119 -377
-736 -989
-278 -668
-568 300
-119 848
-657 -809
552 357
-170 -162
836 523
20 -941
714 -285
-438 -308
268 -633
275 838
622 838
-990 860
1000 -843
-597 751
-885 907
831 -487
-469 -239
-643 -351
445 742
-909 -610
-592 -967
121 398
-876 -655
367 -145
248 -302
-841 -931
-196 123
-110 91
-103 688
-527 -953
-296 982
43 -43
-359 -273
-34 -830
-997 719
-694 306
-976 -848
-820 -350
120 -686
-874 205
-499 -866
254 665
-288 -30
-202 197
-301 428
807 344
994 -595
22 658
-1 806
-896 458
404 67
-66 699
338 258
271 712
-979 729
67 426
924 -836
648 86
-920 608
590 973
-631 464
-632 570
35 -661
61 998
979 -930
687 -538
-837 649
953 246
974 832
873 487
-755 -498
157 930
-268 249
481 -220
181 688
691 607
770 134
-370 -72
-601 -91
-352 -108
313 125
224 -710
-437 340
-483 341
565 -584
-116 561
-952 317
479 -47
-851 -572
105 -769
-90 386
182 591
-572 100
370 -602
-545 815
2 -135
347 195
542 -709
739 42
-709 910
-686 -129
-561 -776
-262 641
453 -644
448 -79
-313 -223
-679 500
-351 -112
580 -357
781 203
581 -455
88 982
214 232
486 11
567 -429
-49 -728
-650 -70
-7 -661
322 -279
-693 -134
896 -565
-946 1
568 190
703 -468
10 -437
808 -645
979 800
-278 463
-243 -181
42 582
40 -226
-794 922
445 718
-624 24
-676 -796
226 243
681 -855
-171 778
-602 -380
-347 586
594 308
105 60
386 540
997 -393
-770 -763
273 -583
-904 -493
-49 -857
291 493
516 955
-318 -165
705 693
139 -800
997 -291
558 369
-165 -464
-428 832
367 755
657 233
180 83
499 447
-34 -980
873 -11
228 -459
860 465
-354 -266
-987 -630
-342 121
813 888
-502 -459
-419 -814
-414 -565
603 922
597 59
229 -241
-619 93
-716 -880
-606 461
36 -192
-724 441
-504 627
-58 -442
434 142
-525 831
331 450
-133 766
-75 -1
-605 120
291 268
30 883
-158 -139
943 260
435 -814
851 975
-489 -475
469 -128
286 125
-992 733
66 60
-895 993
399 -630
307 -989
184 -955
-778 -799
-128 799
516 -294
-333 -744
561 621
-903 -472
373 235
351 -605
-501 -781
-331 -124
-117 179
-939 396
-719 -866
-759 542
-347 276
-913 -630
-733 -830
481 204
-271 928
310 871
-983 -755
-700 -342
-585 -999
-45 485
883 691
-830 -696
631 454
-868 -92
-486 283
-437 -440
-39 425
-810 -851
-564 -200
838 81
-762 933
953 973
-896 751
-39 7
-432 538
-828 -865
425 17
331 204
-259 -430
580 656
837 -185
-420 169
47 -240
736 936
767 -957
262 831
600 -851
-879 -119
-80 -996
-848 93
-286 343
-67 -941
744 -453
-824 -353
188 -215
-213 -955
615 -466
-252 167
940 647
416 -815
-830 19
290 762
-750 489
871 252
210 979
-262 202
116 532
390 -979
-277 925
-287 915
-211 -37
-837 -965
523 921
-363 -979
-744 -780
24 739
770 -740
18 -946
502 -857
-329 966
693 13
-303 296
-131 877
539 381
-352 -176
-183 -970
780 383
53 -535
865 43
912 -247
772 728
188 466
722 317
-883 -165
522 -346
-118 818
-488 359
425 -423
-193 196
-683 34
441 -928
117 -992
828 359
-141 16
125 -428
-271 -574
425 -474
177 775
831 946
757 796
-306 126
21 713
-605 147
337 -741
-32 286
-967 80
-353 -486
546 -834
-431 -697
78 414
-379 -772
-117 582
816 -303
-357 964
-414 -212
-720 -167
-508 634
-562 -982
898 -468
425 696
337 562
990 942
614 708
523 273
-440 738
-623 927
99 130
-234 -34
-130 930
-728 -421
185 -795
-501 903
897 769
95 979
776 952
-254 -150
456 -646
-698 -357
348 172
-355 204
346 -351
689 -289
-41 -289
257 663
179 -438
-442 -735
-501 -719
496 -534
-471 -159
-292 646
-613 -653
-78 -220
603 -835
979 229
318 -543
643 919
-85 697
-949 -564
-62 -22
166 -35
914 355
661 -678
848 -329
564 -607
604 143
833 -892
-934 405
849 -289
-768 -861
365 -637
342 -637
126 499
689 327
110 -117
-74 920
-561 -658
358 -666
573 -559
929 718
-971 -315
-890 -374
389 -980
45 -671
-153 -74
-390 284
491 -160
-745 307
-218 -928
503 321
-13 -362
96 -630
-97 -726
437 585
556 -421
-74 565
-795 -217
125 461
416 -341
308 871
-240 348
573 268
70 873
-149 -706
-900 942
-922 -416
-234 418
456 948
-743 -704
367 -625
-730 617
96 548
838 42
832 -211
123 538
402 668
414 -147
-587 849
-436 -384
-885 641
939 141
21 -719
-698 -380
-553 -448
-981 43
-743 -446
156 695
-862 690
60 817
996 922
-216 890
-882 -683
348 -476
96 -314
434 -287
-311 715
823 687
-970 -558
716 854
379 -383
-527 -377
-89 753
-334 581
776 733
-38 -408
-786 -462
-109 371
224 -556
-571 -265
-119 243
749 -900
256 131
-976 -858
-295 -68
-151 271
-372 510
932 902
-577 650
501 -822
218 -393
-308 -137
-782 665
562 -562
335 489
557 91
4 -931
146 380
775 -346
-786 -123
-811 131
-863 -229
982 12
-896 -874
601 -400
-572 -814
-918 560
-959 758
484 121
-962 -139
590 412
218 114
848 216
-662 711
712 331
994 687
373 -915
-285 911
-639 -352
961 -868
689 465
61 247
-917 -248
-481 385
86 191
-374 4
868 135
-564 -558
-984 905
-843 720
185 567
-844 -459
-889 -144
252 -288
325 980
635 -417
109 35
401 -417
346 844
630 -32
-418 570
-753 -166
79 797
189 357
-589 -421
760 935
-485 455
-548 -67
515 -3
-793 390
-548 -789
466 -90
-541 219
188 162
-560 729
-927 382
529 -794
49 -390
877 -805
-50 953
599 241
448 823
199 -156
-283 -625
770 -977
-36 -649
-428 792
-855 -140
591 965
976 -321
781 -152
-38 -746
687 778
260 -608
271 627
776 -923
-273 359
273 12
-981 -456
-753 -377
103 -961
-403 -559
418 202
76 -692
-651 394
411 402
-406 428
281 714
20 -168
41 41
-828 477
-860 505
-343 121
316 821
556 856
-519 271
668 18
908 -854
-947 880
-991 24
-637 -96
756 322
-334 961
-361 -728
-336 -739
-659 -938
-84 -228
-390 541
-266 -185
953 303
652 582
0 326
994 595
-844 953
134 -97
519 -55
-892 -496
-646 -614
481 997
548 -736
-107 232
484 -949
576 63
-789 770
619 -221
68 -164
370 -408
26 933
-801 90
694 -883
129 936
-724 304
-799 -431
-37 -62
-558 276
-908 636
-220 -433
698 -343
-477 -506
55 369
-963 -943
-232 -641
-134 -332
-814 985
-954 830
703 383
-1000 370
-556 -726
-285 77
-695 706
457 -587
619 105
582 266
18 406
-917 559
385 343
-212 968
-432 282
138 -193
186 -536
407 37
107 791
352 770
-267 -628
445 -298
252 777
-791 -948
-462 670
465 -178
196 597
-489 -616
288 121
-55 626
-967 -520
329 -415
920 217
-494 157
-660 773
668 73
513 507
-940 -579
-730 260
-470 -204
810 -827
-324 473
-830 -157
774 -721
-435 -687
-488 -508
-486 438
83 342
452 159
332 431
368 -291
-922 -461
334 140
-846 -341
-858 944
-333 -579
581 241
-877 485
931 -284
547 -965
-680 509
553 -225
-706 -721
-696 202
-933 813
990 -311
-290 -122
-363 273
28 196
23 -831
-322 92
-315 -578
913 -177
-963 -284
-644 489
41 -378
-88 800
-262 882
465 -73
-524 -948
368 -60
853 82
-66 541
-46 -291
-720 446
645 700
100 259
-708 733
303 -416
-682 -773
-142 99
-538 877
789 -968
542 -595
-615 -251
912 -957
952 -791
-819 -300
-352 -760
411 -313
951 438
570 -606
-173 -858
-16 708
675 -428
-393 627
941 -219
940 703
-685 241
935 -506
-505 -550
63 -859
534 -472
581 275
-975 -562
-399 -706
-395 -984
-490 135
-444 359
349 -834
-970 -27
662 704
859 -499
-869 -491
-114 -404
345 673
-328 -990
-498 -854
-155 393
-647 -133
-417 733
842 525
-215 -929
-966 379
-396 -179
-244 699
183 45
-715 588
-728 953
-384 -277
660 890
850 -495
18 115
37 -577
258 508
327 -766
-561 536
986 828
-485 -115
581 -155
24 615
600 856
-773 152
658 317
175 360
-97 -888
751 -790
-514 382
30 -242
-884 204
-191 646
-286 -708
-547 346
-67 828
190 -379
757 -381
640 -734
-319 -405
380 556
938 514
-893 -4
-143 -478
-328 -723
-249 -624
155 -769
-557 548
-194 -214
-342 -957
128 374
-146 -56
777 979
815 -11
593 -145
-911 737
-928 861
11 9
942 385
-526 898
537 882
285 713
-307 82
-721 -365
4 182
-885 529
-859 -762
-388 -29
566 105
564 56
-486 865
959 583
152 905
-87 -376
348 346
-728 -282
783 -684
822 -487
485 -524
802 953
-341 -733
-210 -998
-400 18
80 -648
-459 473
-322 -251
413 119
255 -665
-270 544
786 240
791 -29
-369 182
-486 -171
275 174
917 89
-666 71
896 740
-167 728
-465 492
65 437
-534 -630
381 639
372 19
369 37
435 901
-956 676
393 118
-507 -515
554 -492
-284 722
985 -577
-182 -808
-102 -621
216 -561
-139 -12
753 -240
-563 -654
-867 -726
-211 -446
-734 -925
727 945
692 236
-154 -706
-128 857
280 108
-438 -884
-582 111
879 105
-511 608
-182 -557
-676 205
-512 -112
122 751
913 114
-823 399
973 581
220 -885
-423 514
689 -264
-107 378
-419 988
161 -102
-836 -789
-681 898
-501 253
-957 627
747 879
826 -257
869 -990
102 430
467 238
-561 70
-963 -799
-7 -681
927 -441
586 792
-333 -125
-890 -200
649 508
959 -997
907 393
885 669
-6 539
-596 617
-340 572
472 48
-411 657
934 972
-637 -311
267 427
551 -316
419 -114
-265 454
-852 704
708 -415
837 123
862 533
364 -276
664 358
-252 789
364 -852
762 -807
657 -869
-672 769
739 -605
782 -188
-542 832
864 874
-2 -689
854 -971
802 823
-612 -860
-573 214
610 666
-792 880
836 -269
107 869
513 -939
910 73
648 -299
-918 -306
615 486
762 420
196 159
757 -481
-474 813
632 64
741 188
258 -157
23 -303
192 -596
-351 -723
-85 635
5 -261
352 854
579 760
321 -509
869 -60
-399 232
548 -134
-983 492
521 -437
-767 763
-750 -750
322 543
-491 436
-944 -171
-849 941
-577 287
550 971
-788 -878
-243 575
-328 -538
949 338
-917 192
335 121
210 -647
163 158
-585 716
470 -183
-58 0
-698 32
81 -187
-500 -351
580 655
259 -262
-170 698
92 -249
617 168
475 -591
-795 -611
-192 -450
528 159
725 750
525 -813
-924 993
50 681
-751 672
479 -458
-216 -906
756 314
462 365
-999 505
-407 -242
-290 -773
642 16
-887 -329
-833 536
108 -904
-707 -488
-585 169
-912 -343
-477 -588
-784 -99
543 936
-504 -602
-808 -862
-973 -888
-651 -976
-580 -169
-73 156
204 317
-816 699
-392 -730
-763 -898
985 -717
140 714
-884 -339
-771 653
-320 687
-568 672
383 80
846 793
-289 978
-184 220
-937 -980
920 -379
943 -161
178 504
157 464
900 18
118 524
-423 -117
-499 -362
119 482
71 651
296 -750
98 -544
-18 708
-407 -660
448 343
695 -545
-915 -318
-603 281
177 -723
-739 -803
316 642
248 289
-476 990
596 -921
-910 529
35 -189
-764 766
-152 136
878 -120
-267 -290
702 665
848 912
964 -398
-496 557
316 -436
-433 444
349 -796
-214 526
898 -873
-135 -609
866 177
959 312
219 726
159 -471
905 405
422 -5
-654 -236
210 485
-706 -905
-254 926
506 616
651 754
-603 424
995 301
142 23
-691 435
-847 944
-839 110
-662 602
679 -779
466 -39
-955 121
737 -677
-735 567
126 -862
-240 824
550 -431
-782 621
452 -102
-920 -314
828 -698
-429 -713
-892 711
-372 -567
100 221
-48 833
-502 701
-933 -160
-930 364
563 -368
773 704
620 -96
106 828
-6 676
-279 -481
958 -743
715 190
857 -271
-290 362
-520 -219
911 -893
-683 651
988 887
818 22
539 812
-879 -562
571 -267
650 899
459 -391
-75 49
356 28
-720 941
-671 -353
858 -593
501 291
959 -192
876 143
834 422
580 279
553 258
93 -521
433 -610
-919 916
547 939
-926 362
706 443
390 -286
-221 -77
66 511
-18 736
-14 881
-24 -339
-465 187
49 146
-616 292
299 295
719 -804
-236 -337
-39 -486
-143 -755
-288 50
902 720
-933 490
-287 923
314 300
-566 706
345 -691
-633 -791
419 -536
240 498
-957 -990
254 131
-50 138
923 -397
14 -650
-698 -583
394 84
250 -663
-227 791
-975 992
67 722
468 570
-455 -323
-876 -703
955 -513
-465 38
859 -110
-627 283
193 -350
812 367
303 385
521 -219
-673 -867
-607 -805
874 305
470 -985
-158 281
750 -342
-500 371
487 -981
593 -453
-432 -259
239 894
-72 -272
243 517
878 -381
854 -399
-733 -231
-695 -501
763 229
-205 -6
-172 981
-264 -830
890 -797
262 -359
-15 799
-546 847
-652 -464
715 -701
959 -728
788 610
407 808
263 605
-102 499
-415 -290
734 93
-370 181
-378 -151
823 616
-981 197
424 -456
985 296
729 -106
-420 -599
810 989
241 919
848 -552
-350 -247
-696 304
36 844
414 -206
-115 295
263 -964
-341 214
-780 -160
-395 -844
-19 -552
-786 681
872 667
62 390
643 64
322 -105
-522 164
-199 -752
722 -766
381 -398
-340 -757
393 731
438 60
-648 -316
19 168
161 937
-881 -535
341 -812
843 260
-175 758
-218 -133
452 -939
-271 600
168 -431
-785 958
978 845
-373 -777
-865 -626
-807 850
501 951
-398 974
935 465
532 808
-640 -938
8 -450
-912 -949
-77 771
-212 -824
686 -397
497 -232
228 -216
-858 -755
-332 597
19 -615
-473 -907
-78 -853
-878 -76
-97 -786
759 -368
-124 351
-87 -872
-640 -246
-570 -839
569 -93
-928 484
-540 -995
-894 -839
-726 -826
-805 654
65 587
53 544
164 709
121 -65
-547 706
-804 -182
-928 -916
905 724
78 -214
870 794
-511 -287
223 103
-312 -304
-746 821
585 -316
2 994
-977 -604
-40 -435
-94 506
791 4
694 -449
339 587
-66 131
136 -115
-523 -298
618 -31
24 -71
-754 934
-292 -103
-67 -53
129 -188
917 363
380 -540
581 332
-128 842
-527 783
-507 -576
-135 842
599 540
169 -704
-151 962
-832 -193
813 960
404 544
-401 -561
-82 14
724 346
-692 875
154 431
898 -282
22 -261
-801 -206
-422 260
122 821
-546 671
460 -418
188 -630
374 786
-76 344
632 499
524 91
87 974
-1 -402
418 -586
519 -879
943 -231
566 767
-373 536
-812 50
-788 689
-344 414
-602 87
210 269
-426 -66
813 853
-532 263
697 694
45 -412
186 -231
-925 -655
830 39
654 -815
-1000 -389
894 -105
859 -437
-133 682
362 -245
-126 506
258 905
-510 -347
-644 119
183 316
873 -672
747 242
6 974
-376 289
-460 875
361 -477
-982 -574
-966 582
-43 219
-560 3
553 314
440 932
-904 460
-588 757
411 436
-717 718
553 -722
689 327
21 -210
868 223
484 -297
8 202
-480 -935
-64 -116
-494 561
316 359
-340 -628
206 334
115 932
-321 -627
630 -8
-833 -648
882 579
696 364
158 -188
-370 782
-993 -272
-20 457
-435 861
595 563
-366 701
493 293
-955 334
388 -755
144 252
-596 975
-3 832
-205 966
140 805
-863 -599
-563 -501
618 438
-350 287
622 335
-723 315
-445 544
241 348
-767 832
815 -650
-231 -894
-353 -70
-119 716
115 609
107 340
-33 -854
-515 -885
611 -52
426 -645
-702 -241
640 -885
-136 -986
132 735
827 -831
160 -292
-665 -171
-780 -380
919 -270
544 257
-42 532
-448 500
252 -824
-202 -550
-279 86
-663 -317
-496 202
834 751
777 919
345 572
-847 -22
-627 -853
-958 -753
-577 -781
-696 114
-767 917
-878 989
433 -262
-714 -84
291 -798
884 -93
-308 -16
-307 429
-892 548
714 648
271 355
-197 -83
773 16
565 -40
502 222
25 -177
518 -482
-522 -64
-812 345
428 605
116 367
-387 -302
442 -222
-176 89
334 2
949 -925
275 658
-578 383
337 883
-778 892
-77 229
547 931
-150 835
-43 -448
-422 402
-372 -994
-904 -556
318 -565
228 467
888 -827
-336 859
796 804
179 332
-69 630
-204 -107
-539 16
-396 667
-26 -407
608 -835
-185 -15
-576 -709
-207 666
167 -360
-690 518
-278 824
-166 -7
-458 33
135 397
-525 475
257 226
-773 -413
620 -171
344 -637
-632 -721
-389 -585
433 160
-111 -389
-164 475
-174 -850
933 909
-222 883
837 -168
-748 -472
-304 -700
916 -101
334 441
-120 -145
-410 -243
-780 52
727 54
594 216
309 256
252 -947
198 -232
391 -550
835 737
814 849
604 162
103 -973
468 -797
-931 367
-524 601
110 -133
435 771
247 607
726 -653
753 -775
-650 253
-363 -647
-652 -138
-892 593
-682 92
166 -694
-540 -859
-442 365
-824 -911
883 -454
190 828
-506 -955
310 -922
-485 435
-130 916
-978 -843
863 272
639 119
-524 -996
554 729
-769 -137
-909 -635
-588 -776
521 -863
940 408
88 -474
-680 -329
-193 560
-713 -78
20 161
-407 951
-196 432
-665 224
-362 634
-512 133
-345 -669
905 662
-293 543
262 -938
409 -450
66 300
429 -26
-633 894
-990 566
788 569
-661 489
137 -152
-286 137
-864 713
748 88
562 -501
-940 202
-88 -858
-489 -711
356 -452
237 -40
97 -951
-419 -486
563 -725
-162 -240
-920 -896
-134 -181
705 -518
-906 736
-57 -865
848 -395
871 -665
863 861
394 752
-178 -985
-554 -174
990 -779
-152 -941
-565 -237
933 157
704 223
-962 -809
75 829
-435 -202
488 433
-414 515
-442 -644
943 170
188 -927
-723 437
-691 126
248 218
-252 -908
983 619
778 -832
533 562
-859 174
125 993
734 -184
488 -508
506 -484
-951 89
19 -729
-430 436
-460 221
-322 372
-174 13
-711 826
-43 -104
753 429
527 -499
424 -46
210 467
-190 -41
-774 -960
-118 -526
-283 -72
957 310
-982 -40
884 -372
91 26
381 867
-452 617
977 272
-606 237
804 164
670 -39
977 489
712 551
648 347
-338 714
-563 -586
575 -55
-182 -939
555 -765
715 -905
-783 -516
799 -37
-101 -920
584 -210
909 459
-126 123
130 -500
-554 571
780 -18
828 63
405 877
425 -557
424 540
738 -28
703 -7
-709 61
-151 -382
78 140
632 648
285 475
-728 597
-260 -495
-564 754
942 925
-313 -367
-206 -746
647 -575
472 -519
944 -252
838 -826
-800 351
415 -594
17 206
-36 -626
19 -888
-247 452
-361 96
-427 559
488 -438
718 -573
-791 -645
-796 -769
842 888
718 -586
639 744
97 -159
760 -601
142 590
-715 581
116 -122
889 632
-351 225
-375 923
489 -311
-268 994
-481 361
-857 225
-999 154
-99 -396
-482 137
830 820
-136 -694
-516 538
459 892
-668 639
-521 872
646 -205
840 60
756 -219
-744 143
206 -141
739 326
-525 618
456 518
197 -994
605 -443
-17 523
-919 60
-817 901
-563 -743
-621 386
-68 499
-670 -967
-289 -999
-95 -21
-397 -241
256 855
-633 -195
209 -912
413 -703
204 -263
520 502
-271 388
925 820
-1000 606
-681 363
-709 -85
523 -320
-646 993
-294 -382
754 838
-149 -900
865 -130
602 864
244 -244
549 452
654 590
-752 -767
722 -828
-575 -198
444 74
-615 -148
352 158
-618 330
-274 -412
-970 -387
-370 991
229 -790
290 954
-342 -56
105 958
-311 229
-356 35
-20 22
818 138
-294 -479
556 -97
605 -741
-535 -346
-605 324
-566 921
-669 -270
-230 365
-320 324
-80 -668
-914 -191
-120 -244
-111 284
-350 -722
123 -226
832 -695
500 -277
21 561
9 -663
767 -130
-143 943
-936 -437
377 -243
-737 717
882 337
753 -338
907 936
-791 -492
64 -294
-557 -971
408 835
-760 649
760 -282
483 440
53 958
-959 -340
605 965
-2 -632
-890 735
697 -686
-744 111
134 -765
-784 -40
881 625
-308 795
-327 448
-894 877
-248 170
659 -354
301 649
-696 -319
-124 303
-8 -400
875 365
-762 729
-220 74
-177 18
660 434
-987 354
-668 864
-980 287
-934 533
174 -924
-896 -186
-370 177
375 -77
-35 6
670 802
530 -38
518 822
-761 679
-586 -357
127 333
396 163
237 516
691 601
-824 -211
-857 -777
-542 173
-512 -389
402 575
-979 -342
-293 -589
-345 -906
-467 -53
508 979
322 422
-203 278
597 967
769 -817
-367 -17
374 753
-6 -411
-255 -149
259 934
-864 -993
609 -455
664 -62
165 -674
-224 889
-946 893
-479 -27
653 -887
-64 789
-460 81
412 469
-80 -597
-935 808
-879 675
-90 442
-557 -33
-268 -226
905 -290
205 -741
-644 -661
-831 421
-416 225
-956 -245
-852 834
722 -808
-398 -485
409 791
-39 -338
204 187
-860 -434
-35 -81
548 291
152 -555
-386 -590
713 -502
196 -422
-648 397
425 -447
-72 239
730 962
239 993
47 -818
-766 -204
520 -240
-858 -707
-399 -257
-393 -812
618 30
109 -984
167 -406
-580 134
90 -660
-683 553
-323 422
57 -109
310 730
601 85
159 -903
381 -130
869 -906
-663 116
-425 650
21 239
-344 -887
972 975
-408 -51
-783 398
487 909
-266 -155
976 550
131 -223
97 -441
-345 171
486 499
311 411
-943 -729
-274 305
-361 984
634 -82
-339 -660
-224 245
528 683
-691 245
457 -31
345 -282
779 725
332 189
-70 -953
844 -511
858 -176
155 -216
1 -869
632 172
668 584
-805 -926
991 -333
372 -716
-961 -995
-675 -285
300 -448
89 -527
742 -802
-530 -592
-129 -702
749 -143
-565 -978
-289 -755
-955 983
169 502
-533 -634
434 -500
413 -108
824 97
451 496
319 13
-73 36
392 937
-447 874
776 -731
-982 -92
-775 803
-77 850
-866 585
-111 -741
228 -273
162 -82
-644 909
-791 794
-745 -255
-727 -483
-371 -777
880 811
-425 574
-947 106
-323 -879
-675 334
-599 -420
-582 -268
889 -49
731 -349
703 399
503 112
-490 186
-89 -553
-326 344
-313 421
-67 639
762 782
-279 50
-96 -688
-49 -299
797 350
-243 85
-796 -37
233 536
810 561
-286 -307
-3 -928
289 -867
-394 25
413 -982
-725 -69
-564 -487
-628 -228
-702 227
-641 -235
-386 -150
669 24
-171 94
887 918
-505 -554
-744 689
8 325
800 863
-601 46
852 -110
-367 -529
496 -242
441 455
434 11
-708 74
896 544
-208 740
469 572
-62 -592
871 -709
-279 -326
864 -465
-449 -467
-822 57
536 240
993 -472
290 186
-74 753
-540 -755
633 187
-712 -80
894 465
-252 267
250 -698
-834 811
944 -404
60 -178
221 827
-193 247
-882 743
-716 -669
-623 779
334 -858
-10 309
985 -17
579 -279
-759 -375
149 -165
174 750
314 -877
-668 588
360 901
498 724
833 963
-722 792
591 195
-9 798
-727 -315
-111 748
725 -138
340 2
6 183
-402 -210
935 -3
-737 -953
-246 689
720 100
-561 -928
506 719
692 527
470 -989
-639 -353
-324 -357
859 922
-808 -712
787 431
573 350
293 579
-719 -341
-809 -81
-549 204
-789 -515
-474 45
-158 504
-346 719
448 -386
-596 717
-487 93
675 -77
768 -413
348 -955
-105 835
381 274
435 604
-901 -584
-550 -635
-657 -480
63 107
596 451
664 -980
763 183
-793 -338
-585 570
724 201
-398 -528
-338 -176
236 -373
572 -817
60 619
832 997
-349 967
-828 591
271 -705
151 710
287 272
373 -48
548 210
338 127
-564 -27
959 481
-546 -790
-910 -162
995 199
76 276
-899 359
576 183
-950 -655
-998 -173
875 219
201 -991
105 940
-692 -276
-580 451
87 690
-354 -151
-661 377
-899 529
10 507
-852 712
-300 -50
643 -842
-668 -940
882 636
-377 -574
45 -553
-919 -100
-664 -26
-789 743
-155 -393
722 167
688 -6
61 393
87 -512
667 -809
952 -620
-140 -301
-891 645
321 645
-732 729
-302 380
95 -423
-388 990
-700 792
921 831
39 -919
977 238
-37 685
969 362
796 -426
629 383
557 958
423 -79
-20 605
-48 -936
573 -936
47 488
235 528
-944 299
-341 820
-811 -830
412 9
-219 -916
-985 -477
617 -418
313 372
-622 -997
-770 -741
-879 -687
484 357
-8 899
-714 573
971 -295
669 780
-8 242
-576 245
-46 262
-704 131
26 410
-922 -121
940 292
741 378
26 433
-192 966
361 164
-279 395
-9 214
-160 -76
-782 381
305 878
620 -336
415 868
-996 -822
501 -168
-774 971
322 818
899 -620
